
     Program PWSCF v.5.0        starts on 17Jun2012 at 21:42:45 

     This program is part of the open-source Quantum ESPRESSO suite
     for quantum simulation of materials; please cite
         "P. Giannozzi et al., J. Phys.:Condens. Matter 21 395502 (2009);
          URL http://www.quantum-espresso.org", 
     in publications or presentations arising from this work. More details at
     http://www.quantum-espresso.org/quote.php

     Parallel version (MPI), running on     4 processors
     R & G space division:  proc/pool =    4

     Current dimensions of program PWSCF are:
     Max number of different atomic species (ntypx) = 10
     Max number of k-points (npk) =  40000
     Max angular momentum in pseudopotentials (lmaxx) =  3
     Waiting for input...
     Reading input from standard input
               file O.pbe-rrkjus.UPF: wavefunction(s)  2S renormalized
               file O.pbe-rrkjus.UPF: wavefunction(s)  2S renormalized

     Subspace diagonalization in iterative solution of the eigenvalue problem:
     a serial algorithm will be used

 
     Parallelization info
     --------------------
     sticks:   dense  smooth     PW     G-vecs:    dense   smooth      PW
     Min        1137     455    131                48485    12292    1908
     Max        1138     456    132                48486    12300    1909
     Sum        4549    1821    527               193941    49181    7635
 


     bravais-lattice index     =            0
     lattice parameter (alat)  =       8.2100  a.u.
     unit-cell volume          =    2213.5506 (a.u.)^3
     number of atoms/cell      =           24
     number of atomic types    =            3
     number of electrons       =       224.00
     number of Kohn-Sham states=          112
     kinetic-energy cutoff     =      30.0000  Ry
     charge density cutoff     =     300.0000  Ry
     convergence threshold     =      1.0E-08
     mixing beta               =       0.3000
     number of iterations used =            8  plain     mixing
     Exchange-correlation      =  SLA  PW   PBE  PBE ( 1 4 3 4 0)
     EXX-fraction              =        0.00

     celldm(1)=   8.210000  celldm(2)=   0.000000  celldm(3)=   0.000000
     celldm(4)=   0.000000  celldm(5)=   0.000000  celldm(6)=   0.000000

     crystal axes: (cart. coord. in units of alat)
               a(1) = (   1.000000   1.000000   1.000000 )  
               a(2) = (  -1.000000   1.000000   1.000000 )  
               a(3) = (  -1.000000  -1.000000   1.000000 )  

     reciprocal axes: (cart. coord. in units 2 pi/alat)
               b(1) = (  0.500000  0.000000  0.500000 )  
               b(2) = ( -0.500000  0.500000  0.000000 )  
               b(3) = (  0.000000 -0.500000  0.500000 )  


     PseudoPot. # 1 for Cu read from file:
     ../pseudo/Cu.pbe-d-rrkjus.UPF
     MD5 check sum: 855c9c66b119533e70b4be5d3ca221fe
     Pseudo is Ultrasoft, Zval = 11.0
     Generated by new atomic code, or converted to UPF format
     Using radial grid of  899 points,  3 beta functions with: 
                l(1) =   2
                l(2) =   2
                l(3) =   1
     Q(r) pseudized with 0 coefficients 


     PseudoPot. # 2 for O  read from file:
     ../pseudo/O.pbe-rrkjus.UPF
     MD5 check sum: 390ba29e75625707450f3bd3f0eb6be9
     Pseudo is Ultrasoft, Zval =  6.0
     Generated by new atomic code, or converted to UPF format
     Using radial grid of 1269 points,  4 beta functions with: 
                l(1) =   0
                l(2) =   0
                l(3) =   1
                l(4) =   1
     Q(r) pseudized with 0 coefficients 


     PseudoPot. # 3 for O  read from file:
     ../pseudo/O.pbe-rrkjus.UPF
     MD5 check sum: 390ba29e75625707450f3bd3f0eb6be9
     Pseudo is Ultrasoft, Zval =  6.0
     Generated by new atomic code, or converted to UPF format
     Using radial grid of 1269 points,  4 beta functions with: 
                l(1) =   0
                l(2) =   0
                l(3) =   1
                l(4) =   1
     Q(r) pseudized with 0 coefficients 


     atomic species   valence    mass     pseudopotential
        Cu            11.00     1.00000     Cu( 1.00)
        O1             6.00     1.00000     O ( 1.00)
        O              6.00     1.00000     O ( 1.00)
 -----
     simplified LDA+U calculation, Hubbard_lmax = 2
     atomic species  L   Hubbard U  Hubbard alpha
        Cu           2    0.000000    0.000000
        O1           1    0.000000    0.020000
        O            1    0.000000    0.000000
 -----

     24 Sym. Ops. (no inversion) found



   Cartesian axes

     site n.     atom                  positions (alat units)
         1           Cu  tau(   1) = (   0.2500000   0.2500000   0.2500000  )
         2           Cu  tau(   2) = (  -0.7500000   0.7500000   0.7500000  )
         3           Cu  tau(   3) = (  -0.2500000  -0.2500000   0.2500000  )
         4           Cu  tau(   4) = (   0.2500000   0.7500000   0.7500000  )
         5           Cu  tau(   5) = (  -0.7500000  -0.2500000   0.7500000  )
         6           Cu  tau(   6) = (  -1.2500000  -0.2500000   1.2500000  )
         7           Cu  tau(   7) = (   0.2500000   1.2500000   1.2500000  )
         8           Cu  tau(   8) = (  -0.2500000   0.2500000   0.7500000  )
         9           Cu  tau(   9) = (  -0.2500000   0.2500000   1.7500000  )
        10           Cu  tau(  10) = (  -1.2500000   0.2500000   1.7500000  )
        11           Cu  tau(  11) = (  -0.2500000   1.2500000   1.7500000  )
        12           Cu  tau(  12) = (  -0.7500000   0.2500000   1.2500000  )
        13           Cu  tau(  13) = (  -0.2500000   0.7500000   1.2500000  )
        14           Cu  tau(  14) = (   0.2500000   0.2500000   1.2500000  )
        15           Cu  tau(  15) = (  -0.2500000  -0.2500000   1.2500000  )
        16           Cu  tau(  16) = (  -0.7500000   0.7500000   1.7500000  )
        17           O1  tau(  17) = (   0.0000000   0.0000000   0.0000000  )
        18           O   tau(  18) = (   0.5000000   0.5000000   0.5000000  )
        19           O   tau(  19) = (  -0.5000000   0.5000000   0.5000000  )
        20           O   tau(  20) = (  -0.5000000  -0.5000000   0.5000000  )
        21           O   tau(  21) = (   0.0000000   1.0000000   1.0000000  )
        22           O   tau(  22) = (   0.0000000   0.0000000   1.0000000  )
        23           O   tau(  23) = (  -1.0000000   0.0000000   1.0000000  )
        24           O   tau(  24) = (  -0.5000000   0.5000000   1.5000000  )

     number of k points=     3
                       cart. coord. in units 2pi/alat
        k(    1) = (   0.0000000   0.0000000   0.0000000), wk =   0.2500000
        k(    2) = (   0.0000000   0.2500000  -0.2500000), wk =   1.5000000
        k(    3) = (   0.0000000   0.0000000  -0.5000000), wk =   0.2500000

     Dense  grid:   193941 G-vectors     FFT dimensions: (  80,  80,  80)

     Smooth grid:    49181 G-vectors     FFT dimensions: (  50,  50,  50)

     Largest allocated arrays     est. size (Mb)     dimensions
        Kohn-Sham Wavefunctions         2.63 Mb     (   1538,  112)
        Atomic wavefunctions            3.00 Mb     (   1538,  128)
        NL pseudopotentials             6.38 Mb     (   1538,  272)
        Each V/rho on FFT grid          1.95 Mb     ( 128000)
        Each G-vector array             0.37 Mb     (  48486)
        G-vector shells                 0.01 Mb     (    939)
     Largest temporary arrays     est. size (Mb)     dimensions
        Auxiliary wavefunctions        10.51 Mb     (   1538,  448)
        Each subspace H/S matrix        3.06 Mb     ( 448, 448)
        Each <psi_i|beta_j> matrix      0.46 Mb     (    272,  112)
        Arrays for rho mixing          15.62 Mb     ( 128000,   8)

     The initial density is read from file :
     ./temp/cu2o.save/charge-density.dat

     Number of +U iterations with fixed ns =  0
     Starting occupations:
 --- enter write_ns ---
 LDA+U parameters:
U( 1)     =  0.00000000
alpha( 1) =  0.00000000
U( 2)     =  0.00000000
alpha( 2) =  0.02000000
U( 3)     =  0.00000000
alpha( 3) =  0.00000000
atom    1   Tr[ns(na)] =   9.77619
    eigenvalues: 
  0.903  0.996  0.996  0.997  0.997
    eigenvectors:
  0.000  0.267  0.194  0.279  0.260
  0.333  0.012  0.347  0.284  0.023
  0.333  0.319  0.040  0.018  0.289
  0.000  0.194  0.267  0.260  0.279
  0.333  0.208  0.151  0.159  0.148
    occupations:
  0.996  0.000  0.000  0.000  0.000
  0.000  0.965 -0.031  0.000  0.031
  0.000 -0.031  0.965  0.000  0.031
  0.000  0.000  0.000  0.996  0.000
  0.000  0.031  0.031  0.000  0.965
atom    2   Tr[ns(na)] =   9.77619
    eigenvalues: 
  0.903  0.996  0.996  0.997  0.997
    eigenvectors:
  0.000  0.381  0.080  0.218  0.320
  0.333  0.239  0.121  0.038  0.270
  0.333  0.003  0.356  0.299  0.008
  0.000  0.080  0.381  0.320  0.218
  0.333  0.297  0.062  0.125  0.183
    occupations:
  0.996  0.000  0.000  0.000  0.000
  0.000  0.965  0.031  0.000  0.031
  0.000  0.031  0.965  0.000 -0.031
  0.000  0.000  0.000  0.996  0.000
  0.000  0.031 -0.031  0.000  0.965
atom    3   Tr[ns(na)] =   9.77619
    eigenvalues: 
  0.903  0.996  0.996  0.997  0.997
    eigenvectors:
  0.000  0.395  0.066  0.150  0.388
  0.333  0.007  0.353  0.307  0.000
  0.333  0.224  0.135  0.068  0.239
  0.000  0.066  0.395  0.388  0.150
  0.333  0.308  0.051  0.086  0.222
    occupations:
  0.996  0.000  0.000  0.000  0.000
  0.000  0.965 -0.031  0.000 -0.031
  0.000 -0.031  0.965  0.000 -0.031
  0.000  0.000  0.000  0.996  0.000
  0.000 -0.031 -0.031  0.000  0.965
atom    4   Tr[ns(na)] =   9.77619
    eigenvalues: 
  0.903  0.996  0.996  0.997  0.997
    eigenvectors:
  0.000  0.346  0.115  0.404  0.135
  0.333  0.269  0.090  0.231  0.077
  0.333  0.000  0.359  0.000  0.307
  0.000  0.115  0.346  0.135  0.404
  0.333  0.269  0.090  0.231  0.077
    occupations:
  0.996  0.000  0.000  0.000  0.000
  0.000  0.965  0.031  0.000  0.031
  0.000  0.031  0.965  0.000 -0.031
  0.000  0.000  0.000  0.996  0.000
  0.000  0.031 -0.031  0.000  0.965
atom    5   Tr[ns(na)] =   9.77619
    eigenvalues: 
  0.903  0.996  0.996  0.997  0.997
    eigenvectors:
  0.000  0.346  0.115  0.404  0.135
  0.333  0.000  0.359  0.000  0.307
  0.333  0.269  0.090  0.231  0.077
  0.000  0.115  0.346  0.135  0.404
  0.333  0.269  0.090  0.231  0.077
    occupations:
  0.996  0.000  0.000  0.000  0.000
  0.000  0.965  0.031  0.000  0.031
  0.000  0.031  0.965  0.000 -0.031
  0.000  0.000  0.000  0.996  0.000
  0.000  0.031 -0.031  0.000  0.965
atom    6   Tr[ns(na)] =   9.77619
    eigenvalues: 
  0.903  0.996  0.996  0.997  0.997
    eigenvectors:
  0.000  0.346  0.115  0.404  0.135
  0.333  0.000  0.359  0.000  0.307
  0.333  0.269  0.090  0.231  0.077
  0.000  0.115  0.346  0.135  0.404
  0.333  0.269  0.090  0.231  0.077
    occupations:
  0.996  0.000  0.000  0.000  0.000
  0.000  0.965 -0.031  0.000 -0.031
  0.000 -0.031  0.965  0.000 -0.031
  0.000  0.000  0.000  0.996  0.000
  0.000 -0.031 -0.031  0.000  0.965
atom    7   Tr[ns(na)] =   9.77619
    eigenvalues: 
  0.903  0.996  0.996  0.997  0.997
    eigenvectors:
  0.000  0.346  0.115  0.404  0.135
  0.333  0.269  0.090  0.231  0.077
  0.333  0.000  0.359  0.000  0.307
  0.000  0.115  0.346  0.135  0.404
  0.333  0.269  0.090  0.231  0.077
    occupations:
  0.996  0.000  0.000  0.000  0.000
  0.000  0.965 -0.031  0.000  0.031
  0.000 -0.031  0.965  0.000  0.031
  0.000  0.000  0.000  0.996  0.000
  0.000  0.031  0.031  0.000  0.965
atom    8   Tr[ns(na)] =   9.77619
    eigenvalues: 
  0.903  0.996  0.996  0.997  0.997
    eigenvectors:
  0.000  0.000  0.461  0.000  0.539
  0.333  0.269  0.090  0.231  0.077
  0.333  0.269  0.090  0.231  0.077
  0.000  0.461  0.000  0.539  0.000
  0.333  0.000  0.359  0.000  0.307
    occupations:
  0.996  0.000  0.000  0.000  0.000
  0.000  0.965  0.031  0.000 -0.031
  0.000  0.031  0.965  0.000  0.031
  0.000  0.000  0.000  0.996  0.000
  0.000 -0.031  0.031  0.000  0.965
atom    9   Tr[ns(na)] =   9.77619
    eigenvalues: 
  0.903  0.996  0.996  0.997  0.997
    eigenvectors:
  0.000  0.028  0.433  0.539  0.000
  0.333  0.333  0.026  0.073  0.234
  0.333  0.184  0.175  0.080  0.227
  0.000  0.433  0.028  0.000  0.539
  0.333  0.022  0.337  0.307  0.000
    occupations:
  0.996  0.000  0.000  0.000  0.000
  0.000  0.965  0.031  0.000 -0.031
  0.000  0.031  0.965  0.000  0.031
  0.000  0.000  0.000  0.996  0.000
  0.000 -0.031  0.031  0.000  0.965
atom   10   Tr[ns(na)] =   9.77619
    eigenvalues: 
  0.903  0.996  0.996  0.997  0.997
    eigenvectors:
  0.000  0.346  0.115  0.404  0.135
  0.333  0.269  0.090  0.231  0.077
  0.333  0.000  0.359  0.000  0.307
  0.000  0.115  0.346  0.135  0.404
  0.333  0.269  0.090  0.231  0.077
    occupations:
  0.996  0.000  0.000  0.000  0.000
  0.000  0.965  0.031  0.000 -0.031
  0.000  0.031  0.965  0.000  0.031
  0.000  0.000  0.000  0.996  0.000
  0.000 -0.031  0.031  0.000  0.965
atom   11   Tr[ns(na)] =   9.77619
    eigenvalues: 
  0.903  0.996  0.996  0.997  0.997
    eigenvectors:
  0.000  0.346  0.115  0.404  0.135
  0.333  0.000  0.359  0.000  0.307
  0.333  0.269  0.090  0.231  0.077
  0.000  0.115  0.346  0.135  0.404
  0.333  0.269  0.090  0.231  0.077
    occupations:
  0.996  0.000  0.000  0.000  0.000
  0.000  0.965  0.031  0.000 -0.031
  0.000  0.031  0.965  0.000  0.031
  0.000  0.000  0.000  0.996  0.000
  0.000 -0.031  0.031  0.000  0.965
atom   12   Tr[ns(na)] =   9.77619
    eigenvalues: 
  0.903  0.996  0.996  0.997  0.997
    eigenvectors:
  0.000  0.346  0.115  0.404  0.135
  0.333  0.000  0.359  0.000  0.307
  0.333  0.269  0.090  0.231  0.077
  0.000  0.115  0.346  0.135  0.404
  0.333  0.269  0.090  0.231  0.077
    occupations:
  0.996  0.000  0.000  0.000  0.000
  0.000  0.965 -0.031  0.000  0.031
  0.000 -0.031  0.965  0.000  0.031
  0.000  0.000  0.000  0.996  0.000
  0.000  0.031  0.031  0.000  0.965
atom   13   Tr[ns(na)] =   9.77619
    eigenvalues: 
  0.903  0.996  0.996  0.997  0.997
    eigenvectors:
  0.000  0.346  0.115  0.404  0.135
  0.333  0.269  0.090  0.231  0.077
  0.333  0.000  0.359  0.000  0.307
  0.000  0.115  0.346  0.135  0.404
  0.333  0.269  0.090  0.231  0.077
    occupations:
  0.996  0.000  0.000  0.000  0.000
  0.000  0.965 -0.031  0.000 -0.031
  0.000 -0.031  0.965  0.000 -0.031
  0.000  0.000  0.000  0.996  0.000
  0.000 -0.031 -0.031  0.000  0.965
atom   14   Tr[ns(na)] =   9.77619
    eigenvalues: 
  0.903  0.996  0.996  0.997  0.997
    eigenvectors:
  0.000  0.000  0.461  0.000  0.539
  0.333  0.269  0.090  0.231  0.077
  0.333  0.269  0.090  0.231  0.077
  0.000  0.461  0.000  0.539  0.000
  0.333  0.000  0.359  0.000  0.307
    occupations:
  0.996  0.000  0.000  0.000  0.000
  0.000  0.965 -0.031  0.000  0.031
  0.000 -0.031  0.965  0.000  0.031
  0.000  0.000  0.000  0.996  0.000
  0.000  0.031  0.031  0.000  0.965
atom   15   Tr[ns(na)] =   9.77619
    eigenvalues: 
  0.903  0.996  0.996  0.997  0.997
    eigenvectors:
  0.000  0.000  0.461  0.000  0.539
  0.333  0.269  0.090  0.231  0.077
  0.333  0.269  0.090  0.231  0.077
  0.000  0.461  0.000  0.539  0.000
  0.333  0.000  0.359  0.000  0.307
    occupations:
  0.996  0.000  0.000  0.000  0.000
  0.000  0.965 -0.031  0.000 -0.031
  0.000 -0.031  0.965  0.000 -0.031
  0.000  0.000  0.000  0.996  0.000
  0.000 -0.031 -0.031  0.000  0.965
atom   16   Tr[ns(na)] =   9.77619
    eigenvalues: 
  0.903  0.996  0.996  0.997  0.997
    eigenvectors:
  0.000  0.000  0.461  0.000  0.539
  0.333  0.269  0.090  0.231  0.077
  0.333  0.269  0.090  0.231  0.077
  0.000  0.461  0.000  0.539  0.000
  0.333  0.000  0.359  0.000  0.307
    occupations:
  0.996  0.000  0.000  0.000  0.000
  0.000  0.965  0.031  0.000  0.031
  0.000  0.031  0.965  0.000 -0.031
  0.000  0.000  0.000  0.996  0.000
  0.000  0.031 -0.031  0.000  0.965
atom   17   Tr[ns(na)] =   5.74458
    eigenvalues: 
  0.957  0.957  0.957
    eigenvectors:
  0.247  0.218  0.534
  0.655  0.003  0.342
  0.098  0.779  0.123
    occupations:
  0.957  0.000  0.000
  0.000  0.957  0.000
  0.000  0.000  0.957
atom   18   Tr[ns(na)] =   5.74458
    eigenvalues: 
  0.957  0.957  0.957
    eigenvectors:
  0.408  0.259  0.333
  0.577  0.089  0.333
  0.015  0.652  0.333
    occupations:
  0.957  0.000  0.000
  0.000  0.957  0.000
  0.000  0.000  0.957
atom   19   Tr[ns(na)] =   5.74458
    eigenvalues: 
  0.957  0.957  0.957
    eigenvectors:
  0.009  0.658  0.333
  0.431  0.236  0.333
  0.561  0.106  0.333
    occupations:
  0.957  0.000  0.000
  0.000  0.957  0.000
  0.000  0.000  0.957
atom   20   Tr[ns(na)] =   5.74458
    eigenvalues: 
  0.957  0.957  0.957
    eigenvectors:
  0.255  0.411  0.333
  0.092  0.575  0.333
  0.653  0.014  0.333
    occupations:
  0.957  0.000  0.000
  0.000  0.957  0.000
  0.000  0.000  0.957
atom   21   Tr[ns(na)] =   5.74458
    eigenvalues: 
  0.957  0.957  0.957
    eigenvectors:
  0.157  0.843  0.000
  0.000  0.000  1.000
  0.843  0.157  0.000
    occupations:
  0.957  0.000  0.000
  0.000  0.957  0.000
  0.000  0.000  0.957
atom   22   Tr[ns(na)] =   5.74458
    eigenvalues: 
  0.957  0.957  0.957
    eigenvectors:
  0.000  0.000  1.000
  0.235  0.765  0.000
  0.765  0.235  0.000
    occupations:
  0.957  0.000  0.000
  0.000  0.957  0.000
  0.000  0.000  0.957
atom   23   Tr[ns(na)] =   5.74458
    eigenvalues: 
  0.957  0.957  0.957
    eigenvectors:
  0.251  0.749  0.000
  0.749  0.251  0.000
  0.000  0.000  1.000
    occupations:
  0.957  0.000  0.000
  0.000  0.957  0.000
  0.000  0.000  0.957
atom   24   Tr[ns(na)] =   5.74458
    eigenvalues: 
  0.957  0.957  0.957
    eigenvectors:
  0.165  0.501  0.333
  0.667  0.000  0.333
  0.168  0.499  0.333
    occupations:
  0.957  0.000  0.000
  0.000  0.957  0.000
  0.000  0.000  0.957
N of occupied +U levels = 202.3757139
 --- exit write_ns ---
 Atomic wfc used for LDA+U Projector are NOT orthogonalized
     Starting wfc from file

     total cpu time spent up to now is        3.3 secs

     per-process dynamical memory:    45.4 Mb

     Self-consistent Calculation

     iteration #  1     ecut=    30.00 Ry     beta=0.30
     Davidson diagonalization with overlap
     ethr =  2.33E-11,  avg # of iterations =  4.3
 --- enter write_ns ---
 LDA+U parameters:
U( 1)     =  0.00000000
alpha( 1) =  0.00000000
U( 2)     =  0.00000000
alpha( 2) =  0.02000000
U( 3)     =  0.00000000
alpha( 3) =  0.00000000
atom    1   Tr[ns(na)] =   9.77621
    eigenvalues: 
  0.903  0.996  0.996  0.997  0.997
    eigenvectors:
  0.000  0.290  0.171  0.234  0.305
  0.333  0.006  0.353  0.296  0.012
  0.333  0.307  0.052  0.032  0.276
  0.000  0.171  0.290  0.305  0.234
  0.333  0.226  0.133  0.133  0.174
    occupations:
  0.996  0.000  0.000  0.000  0.000
  0.000  0.965 -0.031  0.000  0.031
  0.000 -0.031  0.965  0.000  0.031
  0.000  0.000  0.000  0.996  0.000
  0.000  0.031  0.031  0.000  0.965
atom    2   Tr[ns(na)] =   9.77621
    eigenvalues: 
  0.903  0.996  0.996  0.997  0.997
    eigenvectors:
  0.000  0.294  0.168  0.222  0.316
  0.333  0.305  0.055  0.036  0.271
  0.333  0.005  0.354  0.298  0.009
  0.000  0.168  0.294  0.316  0.222
  0.333  0.229  0.130  0.127  0.181
    occupations:
  0.996  0.000  0.000  0.000  0.000
  0.000  0.965  0.031  0.000  0.031
  0.000  0.031  0.965  0.000 -0.031
  0.000  0.000  0.000  0.996  0.000
  0.000  0.031 -0.031  0.000  0.965
atom    3   Tr[ns(na)] =   9.77621
    eigenvalues: 
  0.903  0.996  0.996  0.997  0.997
    eigenvectors:
  0.000  0.404  0.057  0.167  0.372
  0.333  0.010  0.350  0.306  0.001
  0.333  0.214  0.145  0.060  0.248
  0.000  0.057  0.404  0.372  0.167
  0.333  0.315  0.044  0.095  0.212
    occupations:
  0.996  0.000  0.000  0.000  0.000
  0.000  0.965 -0.031  0.000 -0.031
  0.000 -0.031  0.965  0.000 -0.031
  0.000  0.000  0.000  0.996  0.000
  0.000 -0.031 -0.031  0.000  0.965
atom    4   Tr[ns(na)] =   9.77622
    eigenvalues: 
  0.903  0.996  0.996  0.997  0.997
    eigenvectors:
  0.000  0.346  0.115  0.135  0.404
  0.333  0.269  0.090  0.077  0.231
  0.333  0.000  0.359  0.307  0.000
  0.000  0.115  0.346  0.404  0.135
  0.333  0.269  0.090  0.077  0.231
    occupations:
  0.996  0.000  0.000  0.000  0.000
  0.000  0.965  0.031  0.000  0.031
  0.000  0.031  0.965  0.000 -0.031
  0.000  0.000  0.000  0.996  0.000
  0.000  0.031 -0.031  0.000  0.965
atom    5   Tr[ns(na)] =   9.77622
    eigenvalues: 
  0.903  0.996  0.996  0.997  0.997
    eigenvectors:
  0.000  0.346  0.115  0.135  0.404
  0.333  0.000  0.359  0.307  0.000
  0.333  0.269  0.090  0.077  0.231
  0.000  0.115  0.346  0.404  0.135
  0.333  0.269  0.090  0.077  0.231
    occupations:
  0.996  0.000  0.000  0.000  0.000
  0.000  0.965  0.031  0.000  0.031
  0.000  0.031  0.965  0.000 -0.031
  0.000  0.000  0.000  0.996  0.000
  0.000  0.031 -0.031  0.000  0.965
atom    6   Tr[ns(na)] =   9.77622
    eigenvalues: 
  0.903  0.996  0.996  0.997  0.997
    eigenvectors:
  0.000  0.346  0.115  0.135  0.404
  0.333  0.000  0.359  0.307  0.000
  0.333  0.269  0.090  0.077  0.231
  0.000  0.115  0.346  0.404  0.135
  0.333  0.269  0.090  0.077  0.231
    occupations:
  0.996  0.000  0.000  0.000  0.000
  0.000  0.965 -0.031  0.000 -0.031
  0.000 -0.031  0.965  0.000 -0.031
  0.000  0.000  0.000  0.996  0.000
  0.000 -0.031 -0.031  0.000  0.965
atom    7   Tr[ns(na)] =   9.77622
    eigenvalues: 
  0.903  0.996  0.996  0.997  0.997
    eigenvectors:
  0.000  0.346  0.115  0.135  0.404
  0.333  0.269  0.090  0.077  0.231
  0.333  0.000  0.359  0.307  0.000
  0.000  0.115  0.346  0.404  0.135
  0.333  0.269  0.090  0.077  0.231
    occupations:
  0.996  0.000  0.000  0.000  0.000
  0.000  0.965 -0.031  0.000  0.031
  0.000 -0.031  0.965  0.000  0.031
  0.000  0.000  0.000  0.996  0.000
  0.000  0.031  0.031  0.000  0.965
atom    8   Tr[ns(na)] =   9.77622
    eigenvalues: 
  0.903  0.996  0.996  0.997  0.997
    eigenvectors:
  0.000  0.000  0.461  0.539  0.000
  0.333  0.269  0.090  0.077  0.231
  0.333  0.269  0.090  0.077  0.231
  0.000  0.461  0.000  0.000  0.539
  0.333  0.000  0.359  0.307  0.000
    occupations:
  0.996  0.000  0.000  0.000  0.000
  0.000  0.965  0.031  0.000 -0.031
  0.000  0.031  0.965  0.000  0.031
  0.000  0.000  0.000  0.996  0.000
  0.000 -0.031  0.031  0.000  0.965
atom    9   Tr[ns(na)] =   9.77621
    eigenvalues: 
  0.903  0.996  0.996  0.997  0.997
    eigenvectors:
  0.000  0.021  0.441  0.539  0.000
  0.333  0.326  0.034  0.077  0.230
  0.333  0.197  0.162  0.076  0.231
  0.000  0.441  0.021  0.000  0.539
  0.333  0.016  0.343  0.307  0.000
    occupations:
  0.996  0.000  0.000  0.000  0.000
  0.000  0.965  0.031  0.000 -0.031
  0.000  0.031  0.965  0.000  0.031
  0.000  0.000  0.000  0.996  0.000
  0.000 -0.031  0.031  0.000  0.965
atom   10   Tr[ns(na)] =   9.77622
    eigenvalues: 
  0.903  0.996  0.996  0.997  0.997
    eigenvectors:
  0.000  0.346  0.115  0.135  0.404
  0.333  0.269  0.090  0.077  0.231
  0.333  0.000  0.359  0.307  0.000
  0.000  0.115  0.346  0.404  0.135
  0.333  0.269  0.090  0.077  0.231
    occupations:
  0.996  0.000  0.000  0.000  0.000
  0.000  0.965  0.031  0.000 -0.031
  0.000  0.031  0.965  0.000  0.031
  0.000  0.000  0.000  0.996  0.000
  0.000 -0.031  0.031  0.000  0.965
atom   11   Tr[ns(na)] =   9.77622
    eigenvalues: 
  0.903  0.996  0.996  0.997  0.997
    eigenvectors:
  0.000  0.346  0.115  0.135  0.404
  0.333  0.000  0.359  0.307  0.000
  0.333  0.269  0.090  0.077  0.231
  0.000  0.115  0.346  0.404  0.135
  0.333  0.269  0.090  0.077  0.231
    occupations:
  0.996  0.000  0.000  0.000  0.000
  0.000  0.965  0.031  0.000 -0.031
  0.000  0.031  0.965  0.000  0.031
  0.000  0.000  0.000  0.996  0.000
  0.000 -0.031  0.031  0.000  0.965
atom   12   Tr[ns(na)] =   9.77622
    eigenvalues: 
  0.903  0.996  0.996  0.997  0.997
    eigenvectors:
  0.000  0.346  0.115  0.135  0.404
  0.333  0.000  0.359  0.307  0.000
  0.333  0.269  0.090  0.077  0.231
  0.000  0.115  0.346  0.404  0.135
  0.333  0.269  0.090  0.077  0.231
    occupations:
  0.996  0.000  0.000  0.000  0.000
  0.000  0.965 -0.031  0.000  0.031
  0.000 -0.031  0.965  0.000  0.031
  0.000  0.000  0.000  0.996  0.000
  0.000  0.031  0.031  0.000  0.965
atom   13   Tr[ns(na)] =   9.77622
    eigenvalues: 
  0.903  0.996  0.996  0.997  0.997
    eigenvectors:
  0.000  0.346  0.115  0.135  0.404
  0.333  0.269  0.090  0.077  0.231
  0.333  0.000  0.359  0.307  0.000
  0.000  0.115  0.346  0.404  0.135
  0.333  0.269  0.090  0.077  0.231
    occupations:
  0.996  0.000  0.000  0.000  0.000
  0.000  0.965 -0.031  0.000 -0.031
  0.000 -0.031  0.965  0.000 -0.031
  0.000  0.000  0.000  0.996  0.000
  0.000 -0.031 -0.031  0.000  0.965
atom   14   Tr[ns(na)] =   9.77622
    eigenvalues: 
  0.903  0.996  0.996  0.997  0.997
    eigenvectors:
  0.000  0.000  0.461  0.539  0.000
  0.333  0.269  0.090  0.077  0.231
  0.333  0.269  0.090  0.077  0.231
  0.000  0.461  0.000  0.000  0.539
  0.333  0.000  0.359  0.307  0.000
    occupations:
  0.996  0.000  0.000  0.000  0.000
  0.000  0.965 -0.031  0.000  0.031
  0.000 -0.031  0.965  0.000  0.031
  0.000  0.000  0.000  0.996  0.000
  0.000  0.031  0.031  0.000  0.965
atom   15   Tr[ns(na)] =   9.77622
    eigenvalues: 
  0.903  0.996  0.996  0.997  0.997
    eigenvectors:
  0.000  0.000  0.461  0.539  0.000
  0.333  0.269  0.090  0.077  0.231
  0.333  0.269  0.090  0.077  0.231
  0.000  0.461  0.000  0.000  0.539
  0.333  0.000  0.359  0.307  0.000
    occupations:
  0.996  0.000  0.000  0.000  0.000
  0.000  0.965 -0.031  0.000 -0.031
  0.000 -0.031  0.965  0.000 -0.031
  0.000  0.000  0.000  0.996  0.000
  0.000 -0.031 -0.031  0.000  0.965
atom   16   Tr[ns(na)] =   9.77622
    eigenvalues: 
  0.903  0.996  0.996  0.997  0.997
    eigenvectors:
  0.000  0.000  0.461  0.539  0.000
  0.333  0.269  0.090  0.077  0.231
  0.333  0.269  0.090  0.077  0.231
  0.000  0.461  0.000  0.000  0.539
  0.333  0.000  0.359  0.307  0.000
    occupations:
  0.996  0.000  0.000  0.000  0.000
  0.000  0.965  0.031  0.000  0.031
  0.000  0.031  0.965  0.000 -0.031
  0.000  0.000  0.000  0.996  0.000
  0.000  0.031 -0.031  0.000  0.965
atom   17   Tr[ns(na)] =   5.74334
    eigenvalues: 
  0.957  0.957  0.957
    eigenvectors:
  0.294  0.194  0.512
  0.672  0.008  0.320
  0.034  0.798  0.168
    occupations:
  0.957  0.000  0.000
  0.000  0.957  0.000
  0.000  0.000  0.957
atom   18   Tr[ns(na)] =   5.74457
    eigenvalues: 
  0.957  0.957  0.957
    eigenvectors:
  0.422  0.245  0.333
  0.568  0.099  0.333
  0.011  0.656  0.333
    occupations:
  0.957  0.000  0.000
  0.000  0.957  0.000
  0.000  0.000  0.957
atom   19   Tr[ns(na)] =   5.74457
    eigenvalues: 
  0.957  0.957  0.957
    eigenvectors:
  0.019  0.648  0.333
  0.394  0.272  0.333
  0.587  0.080  0.333
    occupations:
  0.957  0.000  0.000
  0.000  0.957  0.000
  0.000  0.000  0.957
atom   20   Tr[ns(na)] =   5.74457
    eigenvalues: 
  0.957  0.957  0.957
    eigenvectors:
  0.359  0.308  0.333
  0.033  0.634  0.333
  0.608  0.058  0.333
    occupations:
  0.957  0.000  0.000
  0.000  0.957  0.000
  0.000  0.000  0.957
atom   21   Tr[ns(na)] =   5.74457
    eigenvalues: 
  0.957  0.957  0.957
    eigenvectors:
  0.119  0.881  0.000
  0.000  0.000  1.000
  0.881  0.119  0.000
    occupations:
  0.957  0.000  0.000
  0.000  0.957  0.000
  0.000  0.000  0.957
atom   22   Tr[ns(na)] =   5.74457
    eigenvalues: 
  0.957  0.957  0.957
    eigenvectors:
  0.000  0.000  1.000
  0.666  0.334  0.000
  0.334  0.666  0.000
    occupations:
  0.957  0.000  0.000
  0.000  0.957  0.000
  0.000  0.000  0.957
atom   23   Tr[ns(na)] =   5.74457
    eigenvalues: 
  0.957  0.957  0.957
    eigenvectors:
  0.324  0.676  0.000
  0.676  0.324  0.000
  0.000  0.000  1.000
    occupations:
  0.957  0.000  0.000
  0.000  0.957  0.000
  0.000  0.000  0.957
atom   24   Tr[ns(na)] =   5.74457
    eigenvalues: 
  0.957  0.957  0.957
    eigenvectors:
  0.139  0.528  0.333
  0.665  0.002  0.333
  0.196  0.471  0.333
    occupations:
  0.957  0.000  0.000
  0.000  0.957  0.000
  0.000  0.000  0.957
N of occupied +U levels = 202.3748058
 --- exit write_ns ---

     total cpu time spent up to now is       18.1 secs

     total energy              =   -1657.01615360 Ry
     Harris-Foulkes estimate   =   -1657.01615488 Ry
     estimated scf accuracy    <       0.00000276 Ry

     iteration #  2     ecut=    30.00 Ry     beta=0.30
     Davidson diagonalization with overlap
     ethr =  1.23E-09,  avg # of iterations =  3.3

     total cpu time spent up to now is       28.8 secs

     total energy              =   -1657.01615422 Ry
     Harris-Foulkes estimate   =   -1657.01615443 Ry
     estimated scf accuracy    <       0.00000062 Ry

     iteration #  3     ecut=    30.00 Ry     beta=0.30
     Davidson diagonalization with overlap
     ethr =  2.75E-10,  avg # of iterations =  3.3

     total cpu time spent up to now is       39.1 secs

     total energy              =   -1657.01615432 Ry
     Harris-Foulkes estimate   =   -1657.01615433 Ry
     estimated scf accuracy    <       0.00000002 Ry

     iteration #  4     ecut=    30.00 Ry     beta=0.30
     Davidson diagonalization with overlap
     ethr =  1.10E-11,  avg # of iterations =  4.0

     total cpu time spent up to now is       49.9 secs

     End of self-consistent calculation
 --- enter write_ns ---
 LDA+U parameters:
U( 1)     =  0.00000000
alpha( 1) =  0.00000000
U( 2)     =  0.00000000
alpha( 2) =  0.02000000
U( 3)     =  0.00000000
alpha( 3) =  0.00000000
atom    1   Tr[ns(na)] =   9.77623
    eigenvalues: 
  0.903  0.996  0.996  0.997  0.997
    eigenvectors:
  0.000  0.294  0.166  0.267  0.272
  0.333  0.005  0.354  0.287  0.020
  0.333  0.304  0.055  0.021  0.286
  0.000  0.166  0.294  0.272  0.267
  0.333  0.230  0.130  0.152  0.155
    occupations:
  0.996  0.000  0.000  0.000  0.000
  0.000  0.965 -0.031  0.000  0.031
  0.000 -0.031  0.965  0.000  0.031
  0.000  0.000  0.000  0.996  0.000
  0.000  0.031  0.031  0.000  0.965
atom    2   Tr[ns(na)] =   9.77623
    eigenvalues: 
  0.903  0.996  0.996  0.997  0.997
    eigenvectors:
  0.000  0.369  0.092  0.215  0.324
  0.333  0.250  0.109  0.039  0.268
  0.333  0.001  0.358  0.299  0.008
  0.000  0.092  0.369  0.324  0.215
  0.333  0.288  0.072  0.123  0.185
    occupations:
  0.996  0.000  0.000  0.000  0.000
  0.000  0.965  0.031  0.000  0.031
  0.000  0.031  0.965  0.000 -0.031
  0.000  0.000  0.000  0.996  0.000
  0.000  0.031 -0.031  0.000  0.965
atom    3   Tr[ns(na)] =   9.77623
    eigenvalues: 
  0.903  0.996  0.996  0.997  0.997
    eigenvectors:
  0.000  0.414  0.047  0.141  0.398
  0.333  0.014  0.345  0.307  0.000
  0.333  0.202  0.157  0.073  0.234
  0.000  0.047  0.414  0.398  0.141
  0.333  0.323  0.037  0.081  0.227
    occupations:
  0.996  0.000  0.000  0.000  0.000
  0.000  0.965 -0.031  0.000 -0.031
  0.000 -0.031  0.965  0.000 -0.031
  0.000  0.000  0.000  0.996  0.000
  0.000 -0.031 -0.031  0.000  0.965
atom    4   Tr[ns(na)] =   9.77619
    eigenvalues: 
  0.903  0.996  0.996  0.997  0.997
    eigenvectors:
  0.000  0.115  0.346  0.135  0.404
  0.333  0.090  0.269  0.077  0.231
  0.333  0.359  0.000  0.307  0.000
  0.000  0.346  0.115  0.404  0.135
  0.333  0.090  0.269  0.077  0.231
    occupations:
  0.996  0.000  0.000  0.000  0.000
  0.000  0.965  0.031  0.000  0.031
  0.000  0.031  0.965  0.000 -0.031
  0.000  0.000  0.000  0.996  0.000
  0.000  0.031 -0.031  0.000  0.965
atom    5   Tr[ns(na)] =   9.77619
    eigenvalues: 
  0.903  0.996  0.996  0.997  0.997
    eigenvectors:
  0.000  0.115  0.346  0.135  0.404
  0.333  0.359  0.000  0.307  0.000
  0.333  0.090  0.269  0.077  0.231
  0.000  0.346  0.115  0.404  0.135
  0.333  0.090  0.269  0.077  0.231
    occupations:
  0.996  0.000  0.000  0.000  0.000
  0.000  0.965  0.031  0.000  0.031
  0.000  0.031  0.965  0.000 -0.031
  0.000  0.000  0.000  0.996  0.000
  0.000  0.031 -0.031  0.000  0.965
atom    6   Tr[ns(na)] =   9.77619
    eigenvalues: 
  0.903  0.996  0.996  0.997  0.997
    eigenvectors:
  0.000  0.115  0.346  0.135  0.404
  0.333  0.359  0.000  0.307  0.000
  0.333  0.090  0.269  0.077  0.231
  0.000  0.346  0.115  0.404  0.135
  0.333  0.090  0.269  0.077  0.231
    occupations:
  0.996  0.000  0.000  0.000  0.000
  0.000  0.965 -0.031  0.000 -0.031
  0.000 -0.031  0.965  0.000 -0.031
  0.000  0.000  0.000  0.996  0.000
  0.000 -0.031 -0.031  0.000  0.965
atom    7   Tr[ns(na)] =   9.77619
    eigenvalues: 
  0.903  0.996  0.996  0.997  0.997
    eigenvectors:
  0.000  0.115  0.346  0.135  0.404
  0.333  0.090  0.269  0.077  0.231
  0.333  0.359  0.000  0.307  0.000
  0.000  0.346  0.115  0.404  0.135
  0.333  0.090  0.269  0.077  0.231
    occupations:
  0.996  0.000  0.000  0.000  0.000
  0.000  0.965 -0.031  0.000  0.031
  0.000 -0.031  0.965  0.000  0.031
  0.000  0.000  0.000  0.996  0.000
  0.000  0.031  0.031  0.000  0.965
atom    8   Tr[ns(na)] =   9.77619
    eigenvalues: 
  0.903  0.996  0.996  0.997  0.997
    eigenvectors:
  0.000  0.461  0.000  0.539  0.000
  0.333  0.090  0.269  0.077  0.231
  0.333  0.090  0.269  0.077  0.231
  0.000  0.000  0.461  0.000  0.539
  0.333  0.359  0.000  0.307  0.000
    occupations:
  0.996  0.000  0.000  0.000  0.000
  0.000  0.965  0.031  0.000 -0.031
  0.000  0.031  0.965  0.000  0.031
  0.000  0.000  0.000  0.996  0.000
  0.000 -0.031  0.031  0.000  0.965
atom    9   Tr[ns(na)] =   9.77623
    eigenvalues: 
  0.903  0.996  0.996  0.997  0.997
    eigenvectors:
  0.000  0.024  0.437  0.539  0.000
  0.333  0.329  0.030  0.073  0.234
  0.333  0.192  0.168  0.081  0.226
  0.000  0.437  0.024  0.000  0.539
  0.333  0.019  0.341  0.307  0.000
    occupations:
  0.996  0.000  0.000  0.000  0.000
  0.000  0.965  0.031  0.000 -0.031
  0.000  0.031  0.965  0.000  0.031
  0.000  0.000  0.000  0.996  0.000
  0.000 -0.031  0.031  0.000  0.965
atom   10   Tr[ns(na)] =   9.77619
    eigenvalues: 
  0.903  0.996  0.996  0.997  0.997
    eigenvectors:
  0.000  0.115  0.346  0.135  0.404
  0.333  0.090  0.269  0.077  0.231
  0.333  0.359  0.000  0.307  0.000
  0.000  0.346  0.115  0.404  0.135
  0.333  0.090  0.269  0.077  0.231
    occupations:
  0.996  0.000  0.000  0.000  0.000
  0.000  0.965  0.031  0.000 -0.031
  0.000  0.031  0.965  0.000  0.031
  0.000  0.000  0.000  0.996  0.000
  0.000 -0.031  0.031  0.000  0.965
atom   11   Tr[ns(na)] =   9.77619
    eigenvalues: 
  0.903  0.996  0.996  0.997  0.997
    eigenvectors:
  0.000  0.115  0.346  0.135  0.404
  0.333  0.359  0.000  0.307  0.000
  0.333  0.090  0.269  0.077  0.231
  0.000  0.346  0.115  0.404  0.135
  0.333  0.090  0.269  0.077  0.231
    occupations:
  0.996  0.000  0.000  0.000  0.000
  0.000  0.965  0.031  0.000 -0.031
  0.000  0.031  0.965  0.000  0.031
  0.000  0.000  0.000  0.996  0.000
  0.000 -0.031  0.031  0.000  0.965
atom   12   Tr[ns(na)] =   9.77619
    eigenvalues: 
  0.903  0.996  0.996  0.997  0.997
    eigenvectors:
  0.000  0.115  0.346  0.135  0.404
  0.333  0.359  0.000  0.307  0.000
  0.333  0.090  0.269  0.077  0.231
  0.000  0.346  0.115  0.404  0.135
  0.333  0.090  0.269  0.077  0.231
    occupations:
  0.996  0.000  0.000  0.000  0.000
  0.000  0.965 -0.031  0.000  0.031
  0.000 -0.031  0.965  0.000  0.031
  0.000  0.000  0.000  0.996  0.000
  0.000  0.031  0.031  0.000  0.965
atom   13   Tr[ns(na)] =   9.77619
    eigenvalues: 
  0.903  0.996  0.996  0.997  0.997
    eigenvectors:
  0.000  0.115  0.346  0.135  0.404
  0.333  0.090  0.269  0.077  0.231
  0.333  0.359  0.000  0.307  0.000
  0.000  0.346  0.115  0.404  0.135
  0.333  0.090  0.269  0.077  0.231
    occupations:
  0.996  0.000  0.000  0.000  0.000
  0.000  0.965 -0.031  0.000 -0.031
  0.000 -0.031  0.965  0.000 -0.031
  0.000  0.000  0.000  0.996  0.000
  0.000 -0.031 -0.031  0.000  0.965
atom   14   Tr[ns(na)] =   9.77619
    eigenvalues: 
  0.903  0.996  0.996  0.997  0.997
    eigenvectors:
  0.000  0.461  0.000  0.539  0.000
  0.333  0.090  0.269  0.077  0.231
  0.333  0.090  0.269  0.077  0.231
  0.000  0.000  0.461  0.000  0.539
  0.333  0.359  0.000  0.307  0.000
    occupations:
  0.996  0.000  0.000  0.000  0.000
  0.000  0.965 -0.031  0.000  0.031
  0.000 -0.031  0.965  0.000  0.031
  0.000  0.000  0.000  0.996  0.000
  0.000  0.031  0.031  0.000  0.965
atom   15   Tr[ns(na)] =   9.77619
    eigenvalues: 
  0.903  0.996  0.996  0.997  0.997
    eigenvectors:
  0.000  0.461  0.000  0.539  0.000
  0.333  0.090  0.269  0.077  0.231
  0.333  0.090  0.269  0.077  0.231
  0.000  0.000  0.461  0.000  0.539
  0.333  0.359  0.000  0.307  0.000
    occupations:
  0.996  0.000  0.000  0.000  0.000
  0.000  0.965 -0.031  0.000 -0.031
  0.000 -0.031  0.965  0.000 -0.031
  0.000  0.000  0.000  0.996  0.000
  0.000 -0.031 -0.031  0.000  0.965
atom   16   Tr[ns(na)] =   9.77619
    eigenvalues: 
  0.903  0.996  0.996  0.997  0.997
    eigenvectors:
  0.000  0.461  0.000  0.539  0.000
  0.333  0.090  0.269  0.077  0.231
  0.333  0.090  0.269  0.077  0.231
  0.000  0.000  0.461  0.000  0.539
  0.333  0.359  0.000  0.307  0.000
    occupations:
  0.996  0.000  0.000  0.000  0.000
  0.000  0.965  0.031  0.000  0.031
  0.000  0.031  0.965  0.000 -0.031
  0.000  0.000  0.000  0.996  0.000
  0.000  0.031 -0.031  0.000  0.965
atom   17   Tr[ns(na)] =   5.74408
    eigenvalues: 
  0.957  0.957  0.957
    eigenvectors:
  0.155  0.327  0.518
  0.533  0.080  0.388
  0.313  0.593  0.094
    occupations:
  0.957  0.000  0.000
  0.000  0.957  0.000
  0.000  0.000  0.957
atom   18   Tr[ns(na)] =   5.74457
    eigenvalues: 
  0.957  0.957  0.957
    eigenvectors:
  0.333  0.453  0.213
  0.333  0.543  0.124
  0.333  0.004  0.663
    occupations:
  0.957  0.000  0.000
  0.000  0.957  0.000
  0.000  0.000  0.957
atom   19   Tr[ns(na)] =   5.74457
    eigenvalues: 
  0.957  0.957  0.957
    eigenvectors:
  0.333  0.014  0.652
  0.333  0.410  0.257
  0.333  0.576  0.090
    occupations:
  0.957  0.000  0.000
  0.000  0.957  0.000
  0.000  0.000  0.957
atom   20   Tr[ns(na)] =   5.74457
    eigenvalues: 
  0.957  0.957  0.957
    eigenvectors:
  0.333  0.323  0.344
  0.333  0.050  0.617
  0.333  0.627  0.040
    occupations:
  0.957  0.000  0.000
  0.000  0.957  0.000
  0.000  0.000  0.957
atom   21   Tr[ns(na)] =   5.74457
    eigenvalues: 
  0.957  0.957  0.957
    eigenvectors:
  0.000  0.097  0.903
  1.000  0.000  0.000
  0.000  0.903  0.097
    occupations:
  0.957  0.000  0.000
  0.000  0.957  0.000
  0.000  0.000  0.957
atom   22   Tr[ns(na)] =   5.74457
    eigenvalues: 
  0.957  0.957  0.957
    eigenvectors:
  1.000  0.000  0.000
  0.000  0.451  0.549
  0.000  0.549  0.451
    occupations:
  0.957  0.000  0.000
  0.000  0.957  0.000
  0.000  0.000  0.957
atom   23   Tr[ns(na)] =   5.74457
    eigenvalues: 
  0.957  0.957  0.957
    eigenvectors:
  0.000  0.199  0.801
  0.000  0.801  0.199
  1.000  0.000  0.000
    occupations:
  0.957  0.000  0.000
  0.000  0.957  0.000
  0.000  0.000  0.957
atom   24   Tr[ns(na)] =   5.74457
    eigenvalues: 
  0.957  0.957  0.957
    eigenvectors:
  0.333  0.270  0.397
  0.333  0.648  0.018
  0.333  0.082  0.585
    occupations:
  0.957  0.000  0.000
  0.000  0.957  0.000
  0.000  0.000  0.957
N of occupied +U levels = 202.3752646
 --- exit write_ns ---

          k = 0.0000 0.0000 0.0000 (  6099 PWs)   bands (ev):

   -11.0928 -10.7531 -10.7484 -10.7484 -10.7484 -10.7483 -10.7483 -10.4516
     1.6680   1.6680   1.6680   1.6716   1.6716   1.6716   1.7619   1.7619
     1.7619   2.7413   2.7414   2.7414   2.7444   2.7444   2.7444   3.3487
     3.3487   3.3487   3.3516   3.3516   3.3516   3.9956   4.0909   4.0909
     4.0909   5.6250   5.6250   5.6739   5.6739   5.6739   5.6740   5.6740
     5.6740   5.7458   5.7458   5.7458   5.8836   5.8836   5.8836   5.8836
     5.8836   5.8836   6.2974   6.2974   6.2974   6.2974   6.2974   6.2975
     6.3054   6.3054   6.3054   6.3054   6.3054   6.3054   6.3716   6.3716
