
     Program PWSCF v.5.0        starts on 17Jun2012 at 12:20: 6 

     This program is part of the open-source Quantum ESPRESSO suite
     for quantum simulation of materials; please cite
         "P. Giannozzi et al., J. Phys.:Condens. Matter 21 395502 (2009);
          URL http://www.quantum-espresso.org", 
     in publications or presentations arising from this work. More details at
     http://www.quantum-espresso.org/quote.php

     Parallel version (MPI), running on     4 processors
     K-points division:     npool     =    4

     Current dimensions of program PWSCF are:
     Max number of different atomic species (ntypx) = 10
     Max number of k-points (npk) =  40000
     Max angular momentum in pseudopotentials (lmaxx) =  3
     Waiting for input...
     Reading input from standard input
               file Ni.pbe-nd-rrkjus.UPF: wavefunction(s)  4S renormalized
               file Ni.pbe-nd-rrkjus.UPF: wavefunction(s)  4S renormalized
               file O.pbe-rrkjus.UPF: wavefunction(s)  2S renormalized
               file O.pbe-rrkjus.UPF: wavefunction(s)  2S renormalized

     Subspace diagonalization in iterative solution of the eigenvalue problem:
     a serial algorithm will be used

 
     G-vector sticks info
     --------------------
     sticks:   dense  smooth     PW     G-vecs:    dense   smooth      PW
     Sum        2587    1039    295                86547    22075    3287
 


     bravais-lattice index     =            0
     lattice parameter (alat)  =       7.9000  a.u.
     unit-cell volume          =     986.0780 (a.u.)^3
     number of atoms/cell      =           16
     number of atomic types    =            4
     number of electrons       =       128.00
     number of Kohn-Sham states=           77
     kinetic-energy cutoff     =      30.0000  Ry
     charge density cutoff     =     300.0000  Ry
     convergence threshold     =      1.0E-08
     mixing beta               =       0.3000
     number of iterations used =            8  plain     mixing
     Exchange-correlation      =  SLA  PW   PBE  PBE ( 1 4 3 4 0)
     EXX-fraction              =        0.00

     celldm(1)=   7.900000  celldm(2)=   0.000000  celldm(3)=   0.000000
     celldm(4)=   0.000000  celldm(5)=   0.000000  celldm(6)=   0.000000

     crystal axes: (cart. coord. in units of alat)
               a(1) = (   1.000000   1.000000   0.000000 )  
               a(2) = (   1.000000   0.000000   1.000000 )  
               a(3) = (   0.000000   1.000000   1.000000 )  

     reciprocal axes: (cart. coord. in units 2 pi/alat)
               b(1) = (  0.500000  0.500000 -0.500000 )  
               b(2) = (  0.500000 -0.500000  0.500000 )  
               b(3) = ( -0.500000  0.500000  0.500000 )  


     PseudoPot. # 1 for Ni read from file:
     ../pseudo/Ni.pbe-nd-rrkjus.UPF
     MD5 check sum: 8081f0a005c9a5470caab1a58e82ecb2
     Pseudo is Ultrasoft + core correction, Zval = 10.0
     Generated by new atomic code, or converted to UPF format
     Using radial grid of 1203 points,  6 beta functions with: 
                l(1) =   0
                l(2) =   0
                l(3) =   1
                l(4) =   1
                l(5) =   2
                l(6) =   2
     Q(r) pseudized with 0 coefficients 


     PseudoPot. # 2 for Ni read from file:
     ../pseudo/Ni.pbe-nd-rrkjus.UPF
     MD5 check sum: 8081f0a005c9a5470caab1a58e82ecb2
     Pseudo is Ultrasoft + core correction, Zval = 10.0
     Generated by new atomic code, or converted to UPF format
     Using radial grid of 1203 points,  6 beta functions with: 
                l(1) =   0
                l(2) =   0
                l(3) =   1
                l(4) =   1
                l(5) =   2
                l(6) =   2
     Q(r) pseudized with 0 coefficients 


     PseudoPot. # 3 for O  read from file:
     ../pseudo/O.pbe-rrkjus.UPF
     MD5 check sum: 390ba29e75625707450f3bd3f0eb6be9
     Pseudo is Ultrasoft, Zval =  6.0
     Generated by new atomic code, or converted to UPF format
     Using radial grid of 1269 points,  4 beta functions with: 
                l(1) =   0
                l(2) =   0
                l(3) =   1
                l(4) =   1
     Q(r) pseudized with 0 coefficients 


     PseudoPot. # 4 for O  read from file:
     ../pseudo/O.pbe-rrkjus.UPF
     MD5 check sum: 390ba29e75625707450f3bd3f0eb6be9
     Pseudo is Ultrasoft, Zval =  6.0
     Generated by new atomic code, or converted to UPF format
     Using radial grid of 1269 points,  4 beta functions with: 
                l(1) =   0
                l(2) =   0
                l(3) =   1
                l(4) =   1
     Q(r) pseudized with 0 coefficients 


     atomic species   valence    mass     pseudopotential
        Ni1           10.00     1.00000     Ni( 1.00)
        Ni2           10.00     1.00000     Ni( 1.00)
        O1             6.00     1.00000     O ( 1.00)
        O2             6.00     1.00000     O ( 1.00)

     Starting magnetic structure 
     atomic species   magnetization
        Ni1          0.500
        Ni2         -0.500
        O1           0.000
        O2           0.000
 -----
     simplified LDA+U calculation, Hubbard_lmax = 2
     atomic species  L   Hubbard U  Hubbard alpha
        Ni1          2    0.000000    0.000000
        Ni2          2    0.000000    0.000000
        O1           1    0.000000   -0.070000
        O2           1    0.000000    0.000000
 -----

      6 Sym. Ops. (no inversion) found



   Cartesian axes

     site n.     atom                  positions (alat units)
         1           Ni1 tau(   1) = (   0.0000000   0.0000000  -0.5000000  )
         2           Ni1 tau(   2) = (   1.0000000   0.5000000   0.0000000  )
         3           Ni1 tau(   3) = (   0.5000000   1.0000000   0.0000000  )
         4           Ni1 tau(   4) = (   0.5000000   0.5000000   0.5000000  )
         5           Ni2 tau(   5) = (   0.5000000   0.5000000  -0.5000000  )
         6           Ni2 tau(   6) = (   0.5000000   0.0000000   0.0000000  )
         7           Ni2 tau(   7) = (   0.0000000   0.5000000   0.0000000  )
         8           Ni2 tau(   8) = (   1.0000000   1.0000000   0.5000000  )
         9           O1  tau(   9) = (   0.0000000   0.0000000   0.0000000  )
        10           O2  tau(  10) = (   0.5000000   0.5000000   0.0000000  )
        11           O2  tau(  11) = (   0.0000000   0.5000000   0.5000000  )
        12           O2  tau(  12) = (   0.5000000   0.0000000   0.5000000  )
        13           O2  tau(  13) = (   1.0000000   0.5000000   0.5000000  )
        14           O2  tau(  14) = (   0.5000000   1.0000000   0.5000000  )
        15           O2  tau(  15) = (   0.5000000   0.5000000   1.0000000  )
        16           O2  tau(  16) = (   1.0000000   1.0000000   1.0000000  )

     number of k points=     8  gaussian smearing, width (Ry)=  0.0100
                       cart. coord. in units 2pi/alat
        k(    1) = (   0.0000000   0.0000000   0.0000000), wk =   0.1250000
        k(    2) = (   0.2500000  -0.2500000  -0.2500000), wk =   0.3750000
        k(    3) = (   0.0000000   0.0000000  -0.5000000), wk =   0.3750000
        k(    4) = (  -0.2500000  -0.2500000  -0.2500000), wk =   0.1250000
        k(    5) = (   0.0000000   0.0000000   0.0000000), wk =   0.1250000
        k(    6) = (   0.2500000  -0.2500000  -0.2500000), wk =   0.3750000
        k(    7) = (   0.0000000   0.0000000  -0.5000000), wk =   0.3750000
        k(    8) = (  -0.2500000  -0.2500000  -0.2500000), wk =   0.1250000

     Dense  grid:    86547 G-vectors     FFT dimensions: (  64,  64,  64)

     Smooth grid:    22075 G-vectors     FFT dimensions: (  40,  40,  40)

     Largest allocated arrays     est. size (Mb)     dimensions
        Kohn-Sham Wavefunctions         3.25 Mb     (   2764,   77)
        Atomic wavefunctions            3.37 Mb     (   2764,   80)
        NL pseudopotentials             8.77 Mb     (   2764,  208)
        Each V/rho on FFT grid          8.00 Mb     ( 262144,   2)
        Each G-vector array             0.66 Mb     (  86547)
        G-vector shells                 0.00 Mb     (    635)
     Largest temporary arrays     est. size (Mb)     dimensions
        Auxiliary wavefunctions        12.99 Mb     (   2764,  308)
        Each subspace H/S matrix        1.45 Mb     ( 308, 308)
        Each <psi_i|beta_j> matrix      0.24 Mb     (    208,   77)
        Arrays for rho mixing          32.00 Mb     ( 262144,   8)

     Check: negative/imaginary core charge=   -0.000047    0.000000

     The initial density is read from file :
     ./temp/nio.save/charge-density.dat

     Number of +U iterations with fixed ns =  0
     Starting occupations:
 --- enter write_ns ---
 LDA+U parameters:
U( 1)     =  0.00000000
alpha( 1) =  0.00000000
U( 2)     =  0.00000000
alpha( 2) =  0.00000000
U( 3)     =  0.00000000
alpha( 3) = -0.07000000
U( 4)     =  0.00000000
alpha( 4) =  0.00000000
atom    1   Tr[ns(na)] (up, down, total) =   4.96210  3.72838  8.69048
   spin  1
    eigenvalues: 
  0.985  0.985  0.997  0.997  0.997
    eigenvectors:
  1.000  0.000  0.000  0.000  0.000
  0.000  0.000  0.500  0.170  0.330
  0.000  0.000  0.500  0.170  0.330
  0.000  1.000  0.000  0.000  0.000
  0.000  0.000  0.000  0.660  0.339
    occupations:
  0.985  0.000  0.000  0.000  0.000
  0.000  0.997  0.000  0.000  0.000
  0.000  0.000  0.997  0.000  0.000
  0.000  0.000  0.000  0.985  0.000
  0.000  0.000  0.000  0.000  0.997
   spin  2
    eigenvalues: 
  0.370  0.370  0.996  0.996  0.996
    eigenvectors:
  0.000  1.000  0.000  0.000  0.000
  0.000  0.000  0.167  0.500  0.333
  0.000  0.000  0.167  0.500  0.333
  1.000  0.000  0.000  0.000  0.000
  0.000  0.000  0.667  0.000  0.333
    occupations:
  0.370  0.000  0.000  0.000  0.001
  0.000  0.996  0.000  0.001  0.000
  0.000  0.000  0.996 -0.001  0.000
  0.000  0.001 -0.001  0.370  0.000
  0.001  0.000  0.000  0.000  0.996
atomic mag. moment =     1.233727
atom    2   Tr[ns(na)] (up, down, total) =   4.96210  3.72838  8.69048
   spin  1
    eigenvalues: 
  0.985  0.985  0.997  0.997  0.997
    eigenvectors:
  0.250  0.750  0.000  0.000  0.000
  0.000  0.000  0.000  0.660  0.339
  0.000  0.000  0.500  0.170  0.330
  0.750  0.250  0.000  0.000  0.000
  0.000  0.000  0.500  0.170  0.330
    occupations:
  0.985  0.000  0.000  0.000  0.000
  0.000  0.997  0.000  0.000  0.000
  0.000  0.000  0.997  0.000  0.000
  0.000  0.000  0.000  0.985  0.000
  0.000  0.000  0.000  0.000  0.997
   spin  2
    eigenvalues: 
  0.370  0.370  0.996  0.996  0.996
    eigenvectors:
  0.750  0.250  0.000  0.000  0.000
  0.000  0.000  0.667  0.000  0.333
  0.000  0.000  0.167  0.500  0.333
  0.250  0.750  0.000  0.000  0.000
  0.000  0.000  0.167  0.500  0.333
    occupations:
  0.370  0.000  0.000  0.000  0.001
  0.000  0.996  0.000  0.001  0.000
  0.000  0.000  0.996 -0.001  0.000
  0.000  0.001 -0.001  0.370  0.000
  0.001  0.000  0.000  0.000  0.996
atomic mag. moment =     1.233727
atom    3   Tr[ns(na)] (up, down, total) =   4.96210  3.72838  8.69048
   spin  1
    eigenvalues: 
  0.985  0.985  0.997  0.997  0.997
    eigenvectors:
  0.250  0.750  0.000  0.000  0.000
  0.000  0.000  0.500  0.170  0.330
  0.000  0.000  0.000  0.660  0.339
  0.750  0.250  0.000  0.000  0.000
  0.000  0.000  0.500  0.170  0.330
    occupations:
  0.985  0.000  0.000  0.000  0.000
  0.000  0.997  0.000  0.000  0.000
  0.000  0.000  0.997  0.000  0.000
  0.000  0.000  0.000  0.985  0.000
  0.000  0.000  0.000  0.000  0.997
   spin  2
    eigenvalues: 
  0.370  0.370  0.996  0.996  0.996
    eigenvectors:
  0.750  0.250  0.000  0.000  0.000
  0.000  0.000  0.167  0.500  0.333
  0.000  0.000  0.667  0.000  0.333
  0.250  0.750  0.000  0.000  0.000
  0.000  0.000  0.167  0.500  0.333
    occupations:
  0.370  0.000  0.000  0.000  0.001
  0.000  0.996  0.000  0.001  0.000
  0.000  0.000  0.996 -0.001  0.000
  0.000  0.001 -0.001  0.370  0.000
  0.001  0.000  0.000  0.000  0.996
atomic mag. moment =     1.233727
atom    4   Tr[ns(na)] (up, down, total) =   4.96210  3.72838  8.69048
   spin  1
    eigenvalues: 
  0.985  0.985  0.997  0.997  0.997
    eigenvectors:
  0.160  0.840  0.000  0.000  0.000
  0.000  0.000  0.526  0.140  0.333
  0.000  0.000  0.001  0.665  0.333
  0.840  0.160  0.000  0.000  0.000
  0.000  0.000  0.472  0.195  0.333
    occupations:
  0.985  0.000  0.000  0.000  0.000
  0.000  0.997  0.000  0.000  0.000
  0.000  0.000  0.997  0.000  0.000
  0.000  0.000  0.000  0.985  0.000
  0.000  0.000  0.000  0.000  0.997
   spin  2
    eigenvalues: 
  0.370  0.370  0.996  0.996  0.996
    eigenvectors:
  0.203  0.797  0.000  0.000  0.000
  0.000  0.000  0.144  0.522  0.333
  0.000  0.000  0.190  0.477  0.333
  0.797  0.203  0.000  0.000  0.000
  0.000  0.000  0.666  0.001  0.333
    occupations:
  0.370  0.000  0.000  0.000  0.001
  0.000  0.996  0.000  0.001  0.000
  0.000  0.000  0.996 -0.001  0.000
  0.000  0.001 -0.001  0.370  0.000
  0.001  0.000  0.000  0.000  0.996
atomic mag. moment =     1.233726
atom    5   Tr[ns(na)] (up, down, total) =   3.72838  4.96211  8.69049
   spin  1
    eigenvalues: 
  0.370  0.370  0.996  0.996  0.996
    eigenvectors:
  0.140  0.860  0.000  0.000  0.000
  0.000  0.000  0.119  0.548  0.333
  0.000  0.000  0.220  0.447  0.333
  0.860  0.140  0.000  0.000  0.000
  0.000  0.000  0.662  0.005  0.333
    occupations:
  0.370  0.000  0.000  0.000  0.001
  0.000  0.996  0.000  0.001  0.000
  0.000  0.000  0.996 -0.001  0.000
  0.000  0.001 -0.001  0.370  0.000
  0.001  0.000  0.000  0.000  0.996
   spin  2
    eigenvalues: 
  0.985  0.985  0.997  0.997  0.997
    eigenvectors:
  0.323  0.677  0.000  0.000  0.000
  0.000  0.000  0.060  0.606  0.333
  0.000  0.000  0.304  0.363  0.333
  0.677  0.323  0.000  0.000  0.000
  0.000  0.000  0.635  0.031  0.333
    occupations:
  0.985  0.000  0.000  0.000  0.000
  0.000  0.997  0.000  0.000  0.000
  0.000  0.000  0.997  0.000  0.000
  0.000  0.000  0.000  0.985  0.000
  0.000  0.000  0.000  0.000  0.997
atomic mag. moment =    -1.233725
atom    6   Tr[ns(na)] (up, down, total) =   3.72838  4.96211  8.69049
   spin  1
    eigenvalues: 
  0.370  0.370  0.996  0.996  0.996
    eigenvectors:
  0.750  0.250  0.000  0.000  0.000
  0.000  0.000  0.500  0.167  0.333
  0.000  0.000  0.000  0.667  0.333
  0.250  0.750  0.000  0.000  0.000
  0.000  0.000  0.500  0.167  0.333
    occupations:
  0.370  0.000  0.000  0.000  0.001
  0.000  0.996  0.000  0.001  0.000
  0.000  0.000  0.996 -0.001  0.000
  0.000  0.001 -0.001  0.370  0.000
  0.001  0.000  0.000  0.000  0.996
   spin  2
    eigenvalues: 
  0.985  0.985  0.997  0.997  0.997
    eigenvectors:
  0.250  0.750  0.000  0.000  0.000
  0.000  0.000  0.500  0.166  0.334
  0.000  0.000  0.000  0.668  0.332
  0.750  0.250  0.000  0.000  0.000
  0.000  0.000  0.500  0.166  0.334
    occupations:
  0.985  0.000  0.000  0.000  0.000
  0.000  0.997  0.000  0.000  0.000
  0.000  0.000  0.997  0.000  0.000
  0.000  0.000  0.000  0.985  0.000
  0.000  0.000  0.000  0.000  0.997
atomic mag. moment =    -1.233723
atom    7   Tr[ns(na)] (up, down, total) =   3.72838  4.96211  8.69049
   spin  1
    eigenvalues: 
  0.370  0.370  0.996  0.996  0.996
    eigenvectors:
  0.750  0.250  0.000  0.000  0.000
  0.000  0.000  0.000  0.667  0.333
  0.000  0.000  0.500  0.167  0.333
  0.250  0.750  0.000  0.000  0.000
  0.000  0.000  0.500  0.167  0.333
    occupations:
  0.370  0.000  0.000  0.000  0.001
  0.000  0.996  0.000  0.001  0.000
  0.000  0.000  0.996 -0.001  0.000
  0.000  0.001 -0.001  0.370  0.000
  0.001  0.000  0.000  0.000  0.996
   spin  2
    eigenvalues: 
  0.985  0.985  0.997  0.997  0.997
    eigenvectors:
  0.250  0.750  0.000  0.000  0.000
  0.000  0.000  0.000  0.668  0.332
  0.000  0.000  0.500  0.166  0.334
  0.750  0.250  0.000  0.000  0.000
  0.000  0.000  0.500  0.166  0.334
    occupations:
  0.985  0.000  0.000  0.000  0.000
  0.000  0.997  0.000  0.000  0.000
  0.000  0.000  0.997  0.000  0.000
  0.000  0.000  0.000  0.985  0.000
  0.000  0.000  0.000  0.000  0.997
atomic mag. moment =    -1.233723
atom    8   Tr[ns(na)] (up, down, total) =   3.72838  4.96211  8.69049
   spin  1
    eigenvalues: 
  0.370  0.370  0.996  0.996  0.996
    eigenvectors:
  0.000  1.000  0.000  0.000  0.000
  0.000  0.000  0.500  0.167  0.333
  0.000  0.000  0.500  0.167  0.333
  1.000  0.000  0.000  0.000  0.000
  0.000  0.000  0.000  0.667  0.333
    occupations:
  0.370  0.000  0.000  0.000  0.001
  0.000  0.996  0.000  0.001  0.000
  0.000  0.000  0.996 -0.001  0.000
  0.000  0.001 -0.001  0.370  0.000
  0.001  0.000  0.000  0.000  0.996
   spin  2
    eigenvalues: 
  0.985  0.985  0.997  0.997  0.997
    eigenvectors:
  1.000  0.000  0.000  0.000  0.000
  0.000  0.000  0.500  0.166  0.334
  0.000  0.000  0.500  0.166  0.334
  0.000  1.000  0.000  0.000  0.000
  0.000  0.000  0.000  0.668  0.332
    occupations:
  0.985  0.000  0.000  0.000  0.000
  0.000  0.997  0.000  0.000  0.000
  0.000  0.000  0.997  0.000  0.000
  0.000  0.000  0.000  0.985  0.000
  0.000  0.000  0.000  0.000  0.997
atomic mag. moment =    -1.233723
atom    9   Tr[ns(na)] (up, down, total) =   2.81403  2.81403  5.62805
   spin  1
    eigenvalues: 
  0.938  0.938  0.938
    eigenvectors:
  0.397  0.270  0.333
  0.585  0.081  0.333
  0.018  0.648  0.333
    occupations:
  0.938  0.000  0.000
  0.000  0.938  0.000
  0.000  0.000  0.938
   spin  2
    eigenvalues: 
  0.938  0.938  0.938
    eigenvectors:
  0.394  0.273  0.333
  0.587  0.080  0.333
  0.019  0.647  0.333
    occupations:
  0.938  0.000  0.000
  0.000  0.938  0.000
  0.000  0.000  0.938
atomic mag. moment =    -0.000001
atom   10   Tr[ns(na)] (up, down, total) =   2.81402  2.81403  5.62805
   spin  1
    eigenvalues: 
  0.938  0.938  0.938
    eigenvectors:
  0.000  0.666  0.334
  0.500  0.167  0.333
  0.500  0.167  0.333
    occupations:
  0.938  0.000  0.000
  0.000  0.938  0.000
  0.000  0.000  0.938
   spin  2
    eigenvalues: 
  0.938  0.938  0.938
    eigenvectors:
  0.000  0.667  0.333
  0.500  0.166  0.334
  0.500  0.166  0.334
    occupations:
  0.938  0.000  0.000
  0.000  0.938  0.000
  0.000  0.000  0.938
atomic mag. moment =    -0.000001
atom   11   Tr[ns(na)] (up, down, total) =   2.81402  2.81403  5.62805
   spin  1
    eigenvalues: 
  0.938  0.938  0.938
    eigenvectors:
  0.500  0.167  0.333
  0.000  0.666  0.334
  0.500  0.167  0.333
    occupations:
  0.938  0.000  0.000
  0.000  0.938  0.000
  0.000  0.000  0.938
   spin  2
    eigenvalues: 
  0.938  0.938  0.938
    eigenvectors:
  0.500  0.166  0.334
  0.000  0.667  0.333
  0.500  0.166  0.334
    occupations:
  0.938  0.000  0.000
  0.000  0.938  0.000
  0.000  0.000  0.938
atomic mag. moment =    -0.000001
atom   12   Tr[ns(na)] (up, down, total) =   2.81402  2.81403  5.62805
   spin  1
    eigenvalues: 
  0.938  0.938  0.938
    eigenvectors:
  0.500  0.167  0.333
  0.500  0.167  0.333
  0.000  0.666  0.334
    occupations:
  0.938  0.000  0.000
  0.000  0.938  0.000
  0.000  0.000  0.938
   spin  2
    eigenvalues: 
  0.938  0.938  0.938
    eigenvectors:
  0.500  0.166  0.334
  0.500  0.166  0.334
  0.000  0.667  0.333
    occupations:
  0.938  0.000  0.000
  0.000  0.938  0.000
  0.000  0.000  0.938
atomic mag. moment =    -0.000001
atom   13   Tr[ns(na)] (up, down, total) =   2.81402  2.81402  5.62805
   spin  1
    eigenvalues: 
  0.938  0.938  0.938
    eigenvectors:
  0.167  0.500  0.333
  0.666  0.000  0.334
  0.167  0.500  0.333
    occupations:
  0.938  0.000  0.000
  0.000  0.938  0.000
  0.000  0.000  0.938
   spin  2
    eigenvalues: 
  0.938  0.938  0.938
    eigenvectors:
  0.166  0.500  0.334
  0.667  0.000  0.333
  0.166  0.500  0.334
    occupations:
  0.938  0.000  0.000
  0.000  0.938  0.000
  0.000  0.000  0.938
atomic mag. moment =    -0.000001
atom   14   Tr[ns(na)] (up, down, total) =   2.81402  2.81402  5.62805
   spin  1
    eigenvalues: 
  0.938  0.938  0.938
    eigenvectors:
  0.167  0.500  0.333
  0.167  0.500  0.333
  0.666  0.000  0.334
    occupations:
  0.938  0.000  0.000
  0.000  0.938  0.000
  0.000  0.000  0.938
   spin  2
    eigenvalues: 
  0.938  0.938  0.938
    eigenvectors:
  0.166  0.500  0.334
  0.166  0.500  0.334
  0.667  0.000  0.333
    occupations:
  0.938  0.000  0.000
  0.000  0.938  0.000
  0.000  0.000  0.938
atomic mag. moment =    -0.000001
atom   15   Tr[ns(na)] (up, down, total) =   2.81402  2.81402  5.62805
   spin  1
    eigenvalues: 
  0.938  0.938  0.938
    eigenvectors:
  0.666  0.000  0.334
  0.167  0.500  0.333
  0.167  0.500  0.333
    occupations:
  0.938  0.000  0.000
  0.000  0.938  0.000
  0.000  0.000  0.938
   spin  2
    eigenvalues: 
  0.938  0.938  0.938
    eigenvectors:
  0.667  0.000  0.333
  0.166  0.500  0.334
  0.166  0.500  0.334
    occupations:
  0.938  0.000  0.000
  0.000  0.938  0.000
  0.000  0.000  0.938
atomic mag. moment =    -0.000001
atom   16   Tr[ns(na)] (up, down, total) =   2.81402  2.81402  5.62804
   spin  1
    eigenvalues: 
  0.938  0.938  0.938
    eigenvectors:
  0.394  0.272  0.333
  0.587  0.080  0.333
  0.019  0.648  0.333
    occupations:
  0.938  0.000  0.000
  0.000  0.938  0.000
  0.000  0.000  0.938
   spin  2
    eigenvalues: 
  0.938  0.938  0.938
    eigenvectors:
  0.384  0.283  0.333
  0.593  0.073  0.333
  0.023  0.644  0.333
    occupations:
  0.938  0.000  0.000
  0.000  0.938  0.000
  0.000  0.000  0.938
atomic mag. moment =    -0.000001
N of occupied +U levels = 114.5482719
 --- exit write_ns ---
 Atomic wfc used for LDA+U Projector are NOT orthogonalized
     Starting wfc from file

     total cpu time spent up to now is       14.6 secs

     per-process dynamical memory:    86.2 Mb

     Self-consistent Calculation

     iteration #  1     ecut=    30.00 Ry     beta=0.30
     Davidson diagonalization with overlap
     c_bands:  1 eigenvalues not converged
     ethr =  2.19E-11,  avg # of iterations = 17.1
 --- enter write_ns ---
 LDA+U parameters:
U( 1)     =  0.00000000
alpha( 1) =  0.00000000
U( 2)     =  0.00000000
alpha( 2) =  0.00000000
U( 3)     =  0.00000000
alpha( 3) = -0.07000000
U( 4)     =  0.00000000
alpha( 4) =  0.00000000
atom    1   Tr[ns(na)] (up, down, total) =   4.96210  3.72739  8.68949
   spin  1
    eigenvalues: 
  0.985  0.985  0.997  0.997  0.997
    eigenvectors:
  1.000  0.000  0.000  0.000  0.000
  0.000  0.000  0.500  0.079  0.421
  0.000  0.000  0.500  0.079  0.421
  0.000  1.000  0.000  0.000  0.000
  0.000  0.000  0.000  0.842  0.158
    occupations:
  0.985  0.000  0.000  0.000  0.000
  0.000  0.997  0.000  0.000  0.000
  0.000  0.000  0.997  0.000  0.000
  0.000  0.000  0.000  0.985  0.000
  0.000  0.000  0.000  0.000  0.997
   spin  2
    eigenvalues: 
  0.370  0.370  0.996  0.996  0.996
    eigenvectors:
  1.000  0.000  0.000  0.000  0.000
  0.000  0.000  0.157  0.500  0.343
  0.000  0.000  0.157  0.500  0.343
  0.000  1.000  0.000  0.000  0.000
  0.000  0.000  0.685  0.000  0.315
    occupations:
  0.370  0.000  0.000  0.000  0.001
  0.000  0.996  0.000  0.001  0.000
  0.000  0.000  0.996 -0.001  0.000
  0.000  0.001 -0.001  0.370  0.000
  0.001  0.000  0.000  0.000  0.996
atomic mag. moment =     1.234705
atom    2   Tr[ns(na)] (up, down, total) =   4.96210  3.72739  8.68949
   spin  1
    eigenvalues: 
  0.985  0.985  0.997  0.997  0.997
    eigenvectors:
  0.250  0.750  0.000  0.000  0.000
  0.000  0.000  0.000  0.842  0.158
  0.000  0.000  0.500  0.079  0.421
  0.750  0.250  0.000  0.000  0.000
  0.000  0.000  0.500  0.079  0.421
    occupations:
  0.985  0.000  0.000  0.000  0.000
  0.000  0.997  0.000  0.000  0.000
  0.000  0.000  0.997  0.000  0.000
  0.000  0.000  0.000  0.985  0.000
  0.000  0.000  0.000  0.000  0.997
   spin  2
    eigenvalues: 
  0.370  0.370  0.996  0.996  0.996
    eigenvectors:
  0.250  0.750  0.000  0.000  0.000
  0.000  0.000  0.685  0.000  0.315
  0.000  0.000  0.157  0.500  0.343
  0.750  0.250  0.000  0.000  0.000
  0.000  0.000  0.157  0.500  0.343
    occupations:
  0.370  0.000  0.000  0.000  0.001
  0.000  0.996  0.000  0.001  0.000
  0.000  0.000  0.996 -0.001  0.000
  0.000  0.001 -0.001  0.370  0.000
  0.001  0.000  0.000  0.000  0.996
atomic mag. moment =     1.234705
atom    3   Tr[ns(na)] (up, down, total) =   4.96210  3.72739  8.68949
   spin  1
    eigenvalues: 
  0.985  0.985  0.997  0.997  0.997
    eigenvectors:
  0.250  0.750  0.000  0.000  0.000
  0.000  0.000  0.500  0.079  0.421
  0.000  0.000  0.000  0.842  0.158
  0.750  0.250  0.000  0.000  0.000
  0.000  0.000  0.500  0.079  0.421
    occupations:
  0.985  0.000  0.000  0.000  0.000
  0.000  0.997  0.000  0.000  0.000
  0.000  0.000  0.997  0.000  0.000
  0.000  0.000  0.000  0.985  0.000
  0.000  0.000  0.000  0.000  0.997
   spin  2
    eigenvalues: 
  0.370  0.370  0.996  0.996  0.996
    eigenvectors:
  0.250  0.750  0.000  0.000  0.000
  0.000  0.000  0.157  0.500  0.343
  0.000  0.000  0.685  0.000  0.315
  0.750  0.250  0.000  0.000  0.000
  0.000  0.000  0.157  0.500  0.343
    occupations:
  0.370  0.000  0.000  0.000  0.001
  0.000  0.996  0.000  0.001  0.000
  0.000  0.000  0.996 -0.001  0.000
  0.000  0.001 -0.001  0.370  0.000
  0.001  0.000  0.000  0.000  0.996
atomic mag. moment =     1.234705
atom    4   Tr[ns(na)] (up, down, total) =   4.96210  3.72836  8.69046
   spin  1
    eigenvalues: 
  0.985  0.985  0.997  0.997  0.997
    eigenvectors:
  0.440  0.559  0.000  0.000  0.000
  0.000  0.000  0.207  0.459  0.333
  0.000  0.000  0.129  0.538  0.333
  0.559  0.440  0.000  0.000  0.000
  0.000  0.000  0.663  0.003  0.333
    occupations:
  0.985  0.000  0.000  0.000  0.000
  0.000  0.997  0.000  0.000  0.000
  0.000  0.000  0.997  0.000  0.000
  0.000  0.000  0.000  0.985  0.000
  0.000  0.000  0.000  0.000  0.997
   spin  2
    eigenvalues: 
  0.370  0.370  0.996  0.996  0.996
    eigenvectors:
  0.045  0.955  0.000  0.000  0.000
  0.000  0.000  0.012  0.654  0.333
  0.000  0.000  0.417  0.250  0.333
  0.955  0.045  0.000  0.000  0.000
  0.000  0.000  0.571  0.095  0.333
    occupations:
  0.370  0.000  0.000  0.000  0.001
  0.000  0.996  0.000  0.001  0.000
  0.000  0.000  0.996 -0.001  0.000
  0.000  0.001 -0.001  0.370  0.000
  0.001  0.000  0.000  0.000  0.996
atomic mag. moment =     1.233744
atom    5   Tr[ns(na)] (up, down, total) =   3.72835  4.96210  8.69045
   spin  1
    eigenvalues: 
  0.370  0.370  0.996  0.996  0.996
    eigenvectors:
  0.501  0.499  0.000  0.000  0.000
  0.000  0.000  0.177  0.489  0.333
  0.000  0.000  0.156  0.511  0.333
  0.499  0.501  0.000  0.000  0.000
  0.000  0.000  0.666  0.000  0.333
    occupations:
  0.370  0.000  0.000  0.000  0.001
  0.000  0.996  0.000  0.001  0.000
  0.000  0.000  0.996 -0.001  0.000
  0.000  0.001 -0.001  0.370  0.000
  0.001  0.000  0.000  0.000  0.996
   spin  2
    eigenvalues: 
  0.985  0.985  0.997  0.997  0.997
    eigenvectors:
  0.094  0.906  0.000  0.000  0.000
  0.000  0.000  0.145  0.522  0.333
  0.000  0.000  0.190  0.477  0.333
  0.906  0.094  0.000  0.000  0.000
  0.000  0.000  0.666  0.001  0.333
    occupations:
  0.985  0.000  0.000  0.000  0.000
  0.000  0.997  0.000  0.000  0.000
  0.000  0.000  0.997  0.000  0.000
  0.000  0.000  0.000  0.985  0.000
  0.000  0.000  0.000  0.000  0.997
atomic mag. moment =    -1.233753
atom    6   Tr[ns(na)] (up, down, total) =   3.72737  4.96209  8.68946
   spin  1
    eigenvalues: 
  0.370  0.370  0.996  0.996  0.996
    eigenvectors:
  0.250  0.750  0.000  0.000  0.000
  0.000  0.000  0.157  0.500  0.343
  0.000  0.000  0.686  0.000  0.314
  0.750  0.250  0.000  0.000  0.000
  0.000  0.000  0.157  0.500  0.343
    occupations:
  0.370  0.000  0.000  0.000  0.001
  0.000  0.996  0.000  0.001  0.000
  0.000  0.000  0.996 -0.001  0.000
  0.000  0.001 -0.001  0.370  0.000
  0.001  0.000  0.000  0.000  0.996
   spin  2
    eigenvalues: 
  0.985  0.985  0.997  0.997  0.997
    eigenvectors:
  0.250  0.750  0.000  0.000  0.000
  0.000  0.000  0.500  0.089  0.411
  0.000  0.000  0.000  0.822  0.178
  0.750  0.250  0.000  0.000  0.000
  0.000  0.000  0.500  0.089  0.411
    occupations:
  0.985  0.000  0.000  0.000  0.000
  0.000  0.997  0.000  0.000  0.000
  0.000  0.000  0.997  0.000  0.000
  0.000  0.000  0.000  0.985  0.000
  0.000  0.000  0.000  0.000  0.997
atomic mag. moment =    -1.234725
atom    7   Tr[ns(na)] (up, down, total) =   3.72737  4.96209  8.68946
   spin  1
    eigenvalues: 
  0.370  0.370  0.996  0.996  0.996
    eigenvectors:
  0.250  0.750  0.000  0.000  0.000
  0.000  0.000  0.686  0.000  0.314
  0.000  0.000  0.157  0.500  0.343
  0.750  0.250  0.000  0.000  0.000
  0.000  0.000  0.157  0.500  0.343
    occupations:
  0.370  0.000  0.000  0.000  0.001
  0.000  0.996  0.000  0.001  0.000
  0.000  0.000  0.996 -0.001  0.000
  0.000  0.001 -0.001  0.370  0.000
  0.001  0.000  0.000  0.000  0.996
   spin  2
    eigenvalues: 
  0.985  0.985  0.997  0.997  0.997
    eigenvectors:
  0.250  0.750  0.000  0.000  0.000
  0.000  0.000  0.000  0.822  0.178
  0.000  0.000  0.500  0.089  0.411
  0.750  0.250  0.000  0.000  0.000
  0.000  0.000  0.500  0.089  0.411
    occupations:
  0.985  0.000  0.000  0.000  0.000
  0.000  0.997  0.000  0.000  0.000
  0.000  0.000  0.997  0.000  0.000
  0.000  0.000  0.000  0.985  0.000
  0.000  0.000  0.000  0.000  0.997
atomic mag. moment =    -1.234725
atom    8   Tr[ns(na)] (up, down, total) =   3.72737  4.96209  8.68946
   spin  1
    eigenvalues: 
  0.370  0.370  0.996  0.996  0.996
    eigenvectors:
  1.000  0.000  0.000  0.000  0.000
  0.000  0.000  0.157  0.500  0.343
  0.000  0.000  0.157  0.500  0.343
  0.000  1.000  0.000  0.000  0.000
  0.000  0.000  0.686  0.000  0.314
    occupations:
  0.370  0.000  0.000  0.000  0.001
  0.000  0.996  0.000  0.001  0.000
  0.000  0.000  0.996 -0.001  0.000
  0.000  0.001 -0.001  0.370  0.000
  0.001  0.000  0.000  0.000  0.996
   spin  2
    eigenvalues: 
  0.985  0.985  0.997  0.997  0.997
    eigenvectors:
  1.000  0.000  0.000  0.000  0.000
  0.000  0.000  0.500  0.089  0.411
  0.000  0.000  0.500  0.089  0.411
  0.000  1.000  0.000  0.000  0.000
  0.000  0.000  0.000  0.822  0.178
    occupations:
  0.985  0.000  0.000  0.000  0.000
  0.000  0.997  0.000  0.000  0.000
  0.000  0.000  0.997  0.000  0.000
  0.000  0.000  0.000  0.985  0.000
  0.000  0.000  0.000  0.000  0.997
atomic mag. moment =    -1.234725
atom    9   Tr[ns(na)] (up, down, total) =   2.81705  2.81704  5.63409
   spin  1
    eigenvalues: 
  0.939  0.939  0.939
    eigenvectors:
  0.419  0.247  0.333
  0.569  0.097  0.333
  0.011  0.655  0.333
    occupations:
  0.939  0.000  0.000
  0.000  0.939  0.000
  0.000  0.000  0.939
   spin  2
    eigenvalues: 
  0.939  0.939  0.939
    eigenvectors:
  0.407  0.260  0.333
  0.578  0.088  0.333
  0.015  0.652  0.333
    occupations:
  0.939  0.000  0.000
  0.000  0.939  0.000
  0.000  0.000  0.939
atomic mag. moment =     0.000005
atom   10   Tr[ns(na)] (up, down, total) =   2.81401  2.81401  5.62802
   spin  1
    eigenvalues: 
  0.938  0.938  0.938
    eigenvectors:
  0.000  0.755  0.245
  0.500  0.122  0.378
  0.500  0.122  0.378
    occupations:
  0.938  0.000  0.000
  0.000  0.938  0.000
  0.000  0.000  0.938
   spin  2
    eigenvalues: 
  0.938  0.938  0.938
    eigenvectors:
  0.000  0.752  0.248
  0.500  0.124  0.376
  0.500  0.124  0.376
    occupations:
  0.938  0.000  0.000
  0.000  0.938  0.000
  0.000  0.000  0.938
atomic mag. moment =     0.000005
atom   11   Tr[ns(na)] (up, down, total) =   2.81401  2.81401  5.62802
   spin  1
    eigenvalues: 
  0.938  0.938  0.938
    eigenvectors:
  0.500  0.122  0.378
  0.000  0.755  0.245
  0.500  0.122  0.378
    occupations:
  0.938  0.000  0.000
  0.000  0.938  0.000
  0.000  0.000  0.938
   spin  2
    eigenvalues: 
  0.938  0.938  0.938
    eigenvectors:
  0.500  0.124  0.376
  0.000  0.752  0.248
  0.500  0.124  0.376
    occupations:
  0.938  0.000  0.000
  0.000  0.938  0.000
  0.000  0.000  0.938
atomic mag. moment =     0.000005
atom   12   Tr[ns(na)] (up, down, total) =   2.81401  2.81401  5.62802
   spin  1
    eigenvalues: 
  0.938  0.938  0.938
    eigenvectors:
  0.500  0.122  0.378
  0.500  0.122  0.378
  0.000  0.755  0.245
    occupations:
  0.938  0.000  0.000
  0.000  0.938  0.000
  0.000  0.000  0.938
   spin  2
    eigenvalues: 
  0.938  0.938  0.938
    eigenvectors:
  0.500  0.124  0.376
  0.500  0.124  0.376
  0.000  0.752  0.248
    occupations:
  0.938  0.000  0.000
  0.000  0.938  0.000
  0.000  0.000  0.938
atomic mag. moment =     0.000005
atom   13   Tr[ns(na)] (up, down, total) =   2.81403  2.81403  5.62806
   spin  1
    eigenvalues: 
  0.938  0.938  0.938
    eigenvectors:
  0.203  0.500  0.297
  0.595  0.000  0.405
  0.203  0.500  0.297
    occupations:
  0.938  0.000  0.000
  0.000  0.938  0.000
  0.000  0.000  0.938
   spin  2
    eigenvalues: 
  0.938  0.938  0.938
    eigenvectors:
  0.205  0.500  0.295
  0.590  0.000  0.410
  0.205  0.500  0.295
    occupations:
  0.938  0.000  0.000
  0.000  0.938  0.000
  0.000  0.000  0.938
atomic mag. moment =     0.000005
atom   14   Tr[ns(na)] (up, down, total) =   2.81403  2.81403  5.62806
   spin  1
    eigenvalues: 
  0.938  0.938  0.938
    eigenvectors:
  0.203  0.500  0.297
  0.203  0.500  0.297
  0.595  0.000  0.405
    occupations:
  0.938  0.000  0.000
  0.000  0.938  0.000
  0.000  0.000  0.938
   spin  2
    eigenvalues: 
  0.938  0.938  0.938
    eigenvectors:
  0.205  0.500  0.295
  0.205  0.500  0.295
  0.590  0.000  0.410
    occupations:
  0.938  0.000  0.000
  0.000  0.938  0.000
  0.000  0.000  0.938
atomic mag. moment =     0.000005
atom   15   Tr[ns(na)] (up, down, total) =   2.81403  2.81403  5.62806
   spin  1
    eigenvalues: 
  0.938  0.938  0.938
    eigenvectors:
  0.595  0.000  0.405
  0.203  0.500  0.297
  0.203  0.500  0.297
    occupations:
  0.938  0.000  0.000
  0.000  0.938  0.000
  0.000  0.000  0.938
   spin  2
    eigenvalues: 
  0.938  0.938  0.938
    eigenvectors:
  0.590  0.000  0.410
  0.205  0.500  0.295
  0.205  0.500  0.295
    occupations:
  0.938  0.000  0.000
  0.000  0.938  0.000
  0.000  0.000  0.938
atomic mag. moment =     0.000005
atom   16   Tr[ns(na)] (up, down, total) =   2.81373  2.81372  5.62745
   spin  1
    eigenvalues: 
  0.938  0.938  0.938
    eigenvectors:
  0.451  0.216  0.333
  0.545  0.122  0.333
  0.004  0.662  0.333
    occupations:
  0.938  0.000  0.000
  0.000  0.938  0.000
  0.000  0.000  0.938
   spin  2
    eigenvalues: 
  0.938  0.938  0.938
    eigenvectors:
  0.401  0.266  0.333
  0.582  0.084  0.333
  0.017  0.650  0.333
    occupations:
  0.938  0.000  0.000
  0.000  0.938  0.000
  0.000  0.000  0.938
atomic mag. moment =     0.000006
N of occupied +U levels = 114.5475743
 --- exit write_ns ---

     total cpu time spent up to now is       48.3 secs

     total energy              =    -942.02514808 Ry
     Harris-Foulkes estimate   =    -942.02517060 Ry
     estimated scf accuracy    <       0.00004961 Ry

     total magnetization       =     0.00 Bohr mag/cell
     absolute magnetization    =    12.66 Bohr mag/cell

     iteration #  2     ecut=    30.00 Ry     beta=0.30
     Davidson diagonalization with overlap
     ethr =  3.88E-08,  avg # of iterations =  2.0

     total cpu time spent up to now is       73.9 secs

     total energy              =    -942.02515961 Ry
     Harris-Foulkes estimate   =    -942.02516319 Ry
     estimated scf accuracy    <       0.00001070 Ry

     total magnetization       =     0.00 Bohr mag/cell
     absolute magnetization    =    12.66 Bohr mag/cell

     iteration #  3     ecut=    30.00 Ry     beta=0.30
     Davidson diagonalization with overlap
     ethr =  8.36E-09,  avg # of iterations =  2.0

     total cpu time spent up to now is       99.3 secs

     total energy              =    -942.02516126 Ry
     Harris-Foulkes estimate   =    -942.02516129 Ry
     estimated scf accuracy    <       0.00000019 Ry

     total magnetization       =     0.00 Bohr mag/cell
     absolute magnetization    =    12.66 Bohr mag/cell

     iteration #  4     ecut=    30.00 Ry     beta=0.30
     Davidson diagonalization with overlap
     ethr =  1.50E-10,  avg # of iterations =  2.0

     total cpu time spent up to now is      124.8 secs

     total energy              =    -942.02516127 Ry
     Harris-Foulkes estimate   =    -942.02516127 Ry
     estimated scf accuracy    <       0.00000007 Ry

     total magnetization       =     0.00 Bohr mag/cell
     absolute magnetization    =    12.66 Bohr mag/cell

     iteration #  5     ecut=    30.00 Ry     beta=0.30
     Davidson diagonalization with overlap
     ethr =  5.45E-11,  avg # of iterations =  2.0

     total cpu time spent up to now is      149.9 secs

     End of self-consistent calculation
 --- enter write_ns ---
 LDA+U parameters:
U( 1)     =  0.00000000
alpha( 1) =  0.00000000
U( 2)     =  0.00000000
alpha( 2) =  0.00000000
U( 3)     =  0.00000000
alpha( 3) = -0.07000000
U( 4)     =  0.00000000
alpha( 4) =  0.00000000
atom    1   Tr[ns(na)] (up, down, total) =   4.96210  3.72793  8.69003
   spin  1
    eigenvalues: 
  0.985  0.985  0.997  0.997  0.997
    eigenvectors:
  1.000  0.000  0.000  0.000  0.000
  0.000  0.000  0.500  0.485  0.015
  0.000  0.000  0.500  0.485  0.015
  0.000  1.000  0.000  0.000  0.000
  0.000  0.000  0.000  0.029  0.971
    occupations:
  0.985  0.000  0.000  0.000  0.000
  0.000  0.997  0.000  0.000  0.000
  0.000  0.000  0.997  0.000  0.000
  0.000  0.000  0.000  0.985  0.000
  0.000  0.000  0.000  0.000  0.997
   spin  2
    eigenvalues: 
  0.370  0.371  0.996  0.996  0.996
    eigenvectors:
  1.000  0.000  0.000  0.000  0.000
  0.000  0.000  0.500  0.168  0.332
  0.000  0.000  0.500  0.168  0.332
  0.000  1.000  0.000  0.000  0.000
  0.000  0.000  0.000  0.663  0.337
    occupations:
  0.370  0.000  0.000  0.000  0.001
  0.000  0.996  0.000  0.001  0.000
  0.000  0.000  0.996 -0.001  0.000
  0.000  0.001 -0.001  0.371  0.000
  0.001  0.000  0.000  0.000  0.996
atomic mag. moment =     1.234169
atom    2   Tr[ns(na)] (up, down, total) =   4.96210  3.72793  8.69003
   spin  1
    eigenvalues: 
  0.985  0.985  0.997  0.997  0.997
    eigenvectors:
  0.250  0.750  0.000  0.000  0.000
  0.000  0.000  0.000  0.029  0.971
  0.000  0.000  0.500  0.485  0.015
  0.750  0.250  0.000  0.000  0.000
  0.000  0.000  0.500  0.485  0.015
    occupations:
  0.985  0.000  0.000  0.000  0.000
  0.000  0.997  0.000  0.000  0.000
  0.000  0.000  0.997  0.000  0.000
  0.000  0.000  0.000  0.985  0.000
  0.000  0.000  0.000  0.000  0.997
   spin  2
    eigenvalues: 
  0.370  0.371  0.996  0.996  0.996
    eigenvectors:
  0.250  0.750  0.000  0.000  0.000
  0.000  0.000  0.000  0.663  0.337
  0.000  0.000  0.500  0.168  0.332
  0.750  0.250  0.000  0.000  0.000
  0.000  0.000  0.500  0.168  0.332
    occupations:
  0.370  0.000  0.000  0.000  0.001
  0.000  0.996  0.000  0.001  0.000
  0.000  0.000  0.996 -0.001  0.000
  0.000  0.001 -0.001  0.370  0.000
  0.001  0.000  0.000  0.000  0.996
atomic mag. moment =     1.234169
atom    3   Tr[ns(na)] (up, down, total) =   4.96210  3.72793  8.69003
   spin  1
    eigenvalues: 
  0.985  0.985  0.997  0.997  0.997
    eigenvectors:
  0.250  0.750  0.000  0.000  0.000
  0.000  0.000  0.500  0.485  0.015
  0.000  0.000  0.000  0.029  0.971
  0.750  0.250  0.000  0.000  0.000
  0.000  0.000  0.500  0.485  0.015
    occupations:
  0.985  0.000  0.000  0.000  0.000
  0.000  0.997  0.000  0.000  0.000
  0.000  0.000  0.997  0.000  0.000
  0.000  0.000  0.000  0.985  0.000
  0.000  0.000  0.000  0.000  0.997
   spin  2
    eigenvalues: 
  0.370  0.371  0.996  0.996  0.996
    eigenvectors:
  0.250  0.750  0.000  0.000  0.000
  0.000  0.000  0.500  0.168  0.332
  0.000  0.000  0.000  0.663  0.337
  0.750  0.250  0.000  0.000  0.000
  0.000  0.000  0.500  0.168  0.332
    occupations:
  0.370  0.000  0.000  0.000  0.001
  0.000  0.996  0.000  0.001  0.000
  0.000  0.000  0.996 -0.001  0.000
