Dynamical matrix file
                                                                           
  1    2  2 10.3463000  0.0000000  0.0000000  0.0000000  0.0000000  0.0000000
           1  'Si  '    25598.8229845270     
    1    1      0.0000000      0.0000000      0.0000000
    2    1     -0.2500000      0.2500000      0.2500000

     Dynamical  Matrix in cartesian axes

     q = (   -0.250000000   0.250000000  -0.250000000 ) 

    1    1
  0.26724916  0.00000000   -0.01145269  0.00000000    0.01145269  0.00000000
 -0.01145269  0.00000000    0.26724916  0.00000000   -0.01145269  0.00000000
  0.01145269  0.00000000   -0.01145269  0.00000000    0.26724916  0.00000000
    1    2
 -0.19795482  0.05748109   -0.03733138 -0.03860383    0.03733138  0.03860383
 -0.03733138 -0.03860383   -0.19795482  0.05748109   -0.03733138 -0.03860383
  0.03733138  0.03860383   -0.03733138 -0.03860383   -0.19795482  0.05748109
    2    1
 -0.19795482 -0.05748109   -0.03733138  0.03860383    0.03733138 -0.03860383
 -0.03733138  0.03860383   -0.19795482 -0.05748109   -0.03733138  0.03860383
  0.03733138 -0.03860383   -0.03733138  0.03860383   -0.19795482 -0.05748109
    2    2
  0.26724916  0.00000000   -0.01145269  0.00000000    0.01145269  0.00000000
 -0.01145269  0.00000000    0.26724916  0.00000000   -0.01145269  0.00000000
  0.01145269  0.00000000   -0.01145269  0.00000000    0.26724916  0.00000000

     Dynamical  Matrix in cartesian axes

     q = (    0.250000000  -0.250000000  -0.250000000 ) 

    1    1
  0.26724916  0.00000000   -0.01145269  0.00000000   -0.01145269  0.00000000
 -0.01145269  0.00000000    0.26724916  0.00000000    0.01145269  0.00000000
 -0.01145269  0.00000000    0.01145269  0.00000000    0.26724916  0.00000000
    1    2
 -0.05748109 -0.19795482    0.03860383 -0.03733138    0.03860383 -0.03733138
  0.03860383 -0.03733138   -0.05748109 -0.19795482   -0.03860383  0.03733138
  0.03860383 -0.03733138   -0.03860383  0.03733138   -0.05748109 -0.19795482
    2    1
 -0.05748109  0.19795482    0.03860383  0.03733138    0.03860383  0.03733138
  0.03860383  0.03733138   -0.05748109  0.19795482   -0.03860383 -0.03733138
  0.03860383  0.03733138   -0.03860383 -0.03733138   -0.05748109  0.19795482
    2    2
  0.26724916  0.00000000   -0.01145269  0.00000000   -0.01145269  0.00000000
 -0.01145269  0.00000000    0.26724916  0.00000000    0.01145269  0.00000000
 -0.01145269  0.00000000    0.01145269  0.00000000    0.26724916  0.00000000

     Dynamical  Matrix in cartesian axes

     q = (    0.250000000  -0.250000000   0.250000000 ) 

    1    1
  0.26724916  0.00000000   -0.01145269  0.00000000    0.01145269  0.00000000
 -0.01145269  0.00000000    0.26724916  0.00000000   -0.01145269  0.00000000
  0.01145269  0.00000000   -0.01145269  0.00000000    0.26724916  0.00000000
    1    2
 -0.19795482 -0.05748109   -0.03733138  0.03860383    0.03733138 -0.03860383
 -0.03733138  0.03860383   -0.19795482 -0.05748109   -0.03733138  0.03860383
  0.03733138 -0.03860383   -0.03733138  0.03860383   -0.19795482 -0.05748109
    2    1
 -0.19795482  0.05748109   -0.03733138 -0.03860383    0.03733138  0.03860383
 -0.03733138 -0.03860383   -0.19795482  0.05748109   -0.03733138 -0.03860383
  0.03733138  0.03860383   -0.03733138 -0.03860383   -0.19795482  0.05748109
    2    2
  0.26724916  0.00000000   -0.01145269  0.00000000    0.01145269  0.00000000
 -0.01145269  0.00000000    0.26724916  0.00000000   -0.01145269  0.00000000
  0.01145269  0.00000000   -0.01145269  0.00000000    0.26724916  0.00000000

     Dynamical  Matrix in cartesian axes

     q = (    0.250000000   0.250000000   0.250000000 ) 

    1    1
  0.26724916  0.00000000    0.01145269  0.00000000    0.01145269  0.00000000
  0.01145269  0.00000000    0.26724916  0.00000000    0.01145269  0.00000000
  0.01145269  0.00000000    0.01145269  0.00000000    0.26724916  0.00000000
    1    2
 -0.19795482  0.05748109    0.03733138  0.03860383    0.03733138  0.03860383
  0.03733138  0.03860383   -0.19795482  0.05748109    0.03733138  0.03860383
  0.03733138  0.03860383    0.03733138  0.03860383   -0.19795482  0.05748109
    2    1
 -0.19795482 -0.05748109    0.03733138 -0.03860383    0.03733138 -0.03860383
  0.03733138 -0.03860383   -0.19795482 -0.05748109    0.03733138 -0.03860383
  0.03733138 -0.03860383    0.03733138 -0.03860383   -0.19795482 -0.05748109
    2    2
  0.26724916  0.00000000    0.01145269  0.00000000    0.01145269  0.00000000
  0.01145269  0.00000000    0.26724916  0.00000000    0.01145269  0.00000000
  0.01145269  0.00000000    0.01145269  0.00000000    0.26724916  0.00000000

     Dynamical  Matrix in cartesian axes

     q = (   -0.250000000  -0.250000000  -0.250000000 ) 

    1    1
  0.26724916  0.00000000    0.01145269  0.00000000    0.01145269  0.00000000
  0.01145269  0.00000000    0.26724916  0.00000000    0.01145269  0.00000000
  0.01145269  0.00000000    0.01145269  0.00000000    0.26724916  0.00000000
    1    2
 -0.19795482 -0.05748109    0.03733138 -0.03860383    0.03733138 -0.03860383
  0.03733138 -0.03860383   -0.19795482 -0.05748109    0.03733138 -0.03860383
  0.03733138 -0.03860383    0.03733138 -0.03860383   -0.19795482 -0.05748109
    2    1
 -0.19795482  0.05748109    0.03733138  0.03860383    0.03733138  0.03860383
  0.03733138  0.03860383   -0.19795482  0.05748109    0.03733138  0.03860383
  0.03733138  0.03860383    0.03733138  0.03860383   -0.19795482  0.05748109
    2    2
  0.26724916  0.00000000    0.01145269  0.00000000    0.01145269  0.00000000
  0.01145269  0.00000000    0.26724916  0.00000000    0.01145269  0.00000000
  0.01145269  0.00000000    0.01145269  0.00000000    0.26724916  0.00000000

     Dynamical  Matrix in cartesian axes

     q = (   -0.250000000  -0.250000000   0.250000000 ) 

    1    1
  0.26724916  0.00000000    0.01145269  0.00000000   -0.01145269  0.00000000
  0.01145269  0.00000000    0.26724916  0.00000000   -0.01145269  0.00000000
 -0.01145269  0.00000000   -0.01145269  0.00000000    0.26724916  0.00000000
    1    2
 -0.19795482  0.05748109    0.03733138  0.03860383   -0.03733138 -0.03860383
  0.03733138  0.03860383   -0.19795482  0.05748109   -0.03733138 -0.03860383
 -0.03733138 -0.03860383   -0.03733138 -0.03860383   -0.19795482  0.05748109
    2    1
 -0.19795482 -0.05748109    0.03733138 -0.03860383   -0.03733138  0.03860383
  0.03733138 -0.03860383   -0.19795482 -0.05748109   -0.03733138  0.03860383
 -0.03733138  0.03860383   -0.03733138  0.03860383   -0.19795482 -0.05748109
    2    2
  0.26724916  0.00000000    0.01145269  0.00000000   -0.01145269  0.00000000
  0.01145269  0.00000000    0.26724916  0.00000000   -0.01145269  0.00000000
 -0.01145269  0.00000000   -0.01145269  0.00000000    0.26724916  0.00000000

     Dynamical  Matrix in cartesian axes

     q = (   -0.250000000   0.250000000   0.250000000 ) 

    1    1
  0.26724916  0.00000000   -0.01145269  0.00000000   -0.01145269  0.00000000
 -0.01145269  0.00000000    0.26724916  0.00000000    0.01145269  0.00000000
 -0.01145269  0.00000000    0.01145269  0.00000000    0.26724916  0.00000000
    1    2
 -0.05748109  0.19795482    0.03860383  0.03733138    0.03860383  0.03733138
  0.03860383  0.03733138   -0.05748109  0.19795482   -0.03860383 -0.03733138
  0.03860383  0.03733138   -0.03860383 -0.03733138   -0.05748109  0.19795482
    2    1
 -0.05748109 -0.19795482    0.03860383 -0.03733138    0.03860383 -0.03733138
  0.03860383 -0.03733138   -0.05748109 -0.19795482   -0.03860383  0.03733138
  0.03860383 -0.03733138   -0.03860383  0.03733138   -0.05748109 -0.19795482
    2    2
  0.26724916  0.00000000   -0.01145269  0.00000000   -0.01145269  0.00000000
 -0.01145269  0.00000000    0.26724916  0.00000000    0.01145269  0.00000000
 -0.01145269  0.00000000    0.01145269  0.00000000    0.26724916  0.00000000

     Dynamical  Matrix in cartesian axes

     q = (    0.250000000   0.250000000  -0.250000000 ) 

    1    1
  0.26724916  0.00000000    0.01145269  0.00000000   -0.01145269  0.00000000
  0.01145269  0.00000000    0.26724916  0.00000000   -0.01145269  0.00000000
 -0.01145269  0.00000000   -0.01145269  0.00000000    0.26724916  0.00000000
    1    2
 -0.19795482 -0.05748109    0.03733138 -0.03860383   -0.03733138  0.03860383
  0.03733138 -0.03860383   -0.19795482 -0.05748109   -0.03733138  0.03860383
 -0.03733138  0.03860383   -0.03733138  0.03860383   -0.19795482 -0.05748109
    2    1
 -0.19795482  0.05748109    0.03733138  0.03860383   -0.03733138 -0.03860383
  0.03733138  0.03860383   -0.19795482  0.05748109   -0.03733138 -0.03860383
 -0.03733138 -0.03860383   -0.03733138 -0.03860383   -0.19795482  0.05748109
    2    2
  0.26724916  0.00000000    0.01145269  0.00000000   -0.01145269  0.00000000
  0.01145269  0.00000000    0.26724916  0.00000000   -0.01145269  0.00000000
 -0.01145269  0.00000000   -0.01145269  0.00000000    0.26724916  0.00000000

     Diagonalizing the dynamical matrix

     q = (   -0.250000000   0.250000000  -0.250000000 ) 

 **************************************************************************
     omega( 1) =       2.889981 [THz] =      96.399395 [cm-1]
 ( -0.264810  0.050720  0.309238  0.004663  0.574049 -0.046057 ) 
 ( -0.268018  0.029379  0.307875  0.029379  0.575893  0.000000 ) 
     omega( 2) =       2.889981 [THz] =      96.399395 [cm-1]
 ( -0.332509 -0.387394 -0.291648 -0.390672  0.040861 -0.003278 ) 
 ( -0.300463 -0.412745 -0.259470 -0.412745  0.040992  0.000000 ) 
     omega( 3) =       6.743473 [THz] =     224.938063 [cm-1]
 (  0.275654 -0.301134 -0.275654  0.301134  0.275654 -0.301134 ) 
 (  0.408248  0.000000 -0.408248  0.000000  0.408248  0.000000 ) 
     omega( 4) =      14.137803 [THz] =     471.586341 [cm-1]
 (  0.275654 -0.301134 -0.275654  0.301134  0.275654 -0.301134 ) 
 ( -0.408248  0.000000  0.408248  0.000000 -0.408248  0.000000 ) 
     omega( 5) =      14.420370 [THz] =     481.011764 [cm-1]
 (  0.499792  0.011981  0.499921  0.011971  0.000128 -0.000010 ) 
 ( -0.497233 -0.051913 -0.497362 -0.051913 -0.000129  0.000000 ) 
     omega( 6) =      14.420370 [THz] =     481.011764 [cm-1]
 ( -0.287862  0.023084  0.287639 -0.023089  0.575501 -0.046173 ) 
 (  0.288786  0.000012 -0.288564  0.000012 -0.577350  0.000000 ) 
 **************************************************************************
