Dynamical matrix file
                                                                           
  1    2  2 10.3463000  0.0000000  0.0000000  0.0000000  0.0000000  0.0000000
           1  'Si  '    25598.8229845270     
    1    1      0.0000000      0.0000000      0.0000000
    2    1     -0.2500000      0.2500000      0.2500000

     Dynamical  Matrix in cartesian axes

     q = (    0.750000000  -0.250000000   0.750000000 ) 

    1    1
  0.24394717  0.00000000   -0.00630942 -0.00803951    0.00592936  0.00000000
 -0.00630942  0.00803951    0.29451281  0.00000000   -0.00630942  0.00803951
  0.00592936  0.00000000   -0.00630942 -0.00803951    0.24394717  0.00000000
    1    2
 -0.06062564  0.05949668   -0.04257062  0.04022692    0.13275296  0.04061753
 -0.04257062  0.04022692   -0.07907302  0.05780045   -0.04257062  0.04022692
  0.13275296  0.04061753   -0.04257062  0.04022692   -0.06062564  0.05949668
    2    1
 -0.06062564 -0.05949668   -0.04257062 -0.04022692    0.13275296 -0.04061753
 -0.04257062 -0.04022692   -0.07907302 -0.05780045   -0.04257062 -0.04022692
  0.13275296 -0.04061753   -0.04257062 -0.04022692   -0.06062564 -0.05949668
    2    2
  0.24394717  0.00000000   -0.00630942  0.00803951    0.00592936  0.00000000
 -0.00630942 -0.00803951    0.29451281  0.00000000   -0.00630942 -0.00803951
  0.00592936  0.00000000   -0.00630942  0.00803951    0.24394717  0.00000000

     Dynamical  Matrix in cartesian axes

     q = (    0.750000000  -0.250000000  -0.750000000 ) 

    1    1
  0.24394717  0.00000000   -0.00630942  0.00803951   -0.00592936  0.00000000
 -0.00630942 -0.00803951    0.29451281  0.00000000    0.00630942  0.00803951
 -0.00592936  0.00000000    0.00630942 -0.00803951    0.24394717  0.00000000
    1    2
  0.06062564  0.05949668    0.04257062  0.04022692    0.13275296 -0.04061753
  0.04257062  0.04022692    0.07907302  0.05780045   -0.04257062 -0.04022692
  0.13275296 -0.04061753   -0.04257062 -0.04022692    0.06062564  0.05949668
    2    1
  0.06062564 -0.05949668    0.04257062 -0.04022692    0.13275296  0.04061753
  0.04257062 -0.04022692    0.07907302 -0.05780045   -0.04257062  0.04022692
  0.13275296  0.04061753   -0.04257062  0.04022692    0.06062564 -0.05949668
    2    2
  0.24394717  0.00000000   -0.00630942 -0.00803951   -0.00592936  0.00000000
 -0.00630942  0.00803951    0.29451281  0.00000000    0.00630942 -0.00803951
 -0.00592936  0.00000000    0.00630942  0.00803951    0.24394717  0.00000000

     Dynamical  Matrix in cartesian axes

     q = (   -0.750000000  -0.250000000  -0.750000000 ) 

    1    1
  0.24394717  0.00000000    0.00630942  0.00803951    0.00592936  0.00000000
  0.00630942 -0.00803951    0.29451281  0.00000000    0.00630942 -0.00803951
  0.00592936  0.00000000    0.00630942  0.00803951    0.24394717  0.00000000
    1    2
 -0.06062564  0.05949668    0.04257062 -0.04022692    0.13275296  0.04061753
  0.04257062 -0.04022692   -0.07907302  0.05780045    0.04257062 -0.04022692
  0.13275296  0.04061753    0.04257062 -0.04022692   -0.06062564  0.05949668
    2    1
 -0.06062564 -0.05949668    0.04257062  0.04022692    0.13275296 -0.04061753
  0.04257062  0.04022692   -0.07907302 -0.05780045    0.04257062  0.04022692
  0.13275296 -0.04061753    0.04257062  0.04022692   -0.06062564 -0.05949668
    2    2
  0.24394717  0.00000000    0.00630942 -0.00803951    0.00592936  0.00000000
  0.00630942  0.00803951    0.29451281  0.00000000    0.00630942  0.00803951
  0.00592936  0.00000000    0.00630942 -0.00803951    0.24394717  0.00000000

     Dynamical  Matrix in cartesian axes

     q = (   -0.750000000  -0.250000000   0.750000000 ) 

    1    1
  0.24394717  0.00000000    0.00630942 -0.00803951   -0.00592936  0.00000000
  0.00630942  0.00803951    0.29451281  0.00000000   -0.00630942 -0.00803951
 -0.00592936  0.00000000   -0.00630942  0.00803951    0.24394717  0.00000000
    1    2
 -0.05949668  0.06062564    0.04022692 -0.04257062    0.04061753  0.13275296
  0.04022692 -0.04257062   -0.05780045  0.07907302   -0.04022692  0.04257062
  0.04061753  0.13275296   -0.04022692  0.04257062   -0.05949668  0.06062564
    2    1
 -0.05949668 -0.06062564    0.04022692  0.04257062    0.04061753 -0.13275296
  0.04022692  0.04257062   -0.05780045 -0.07907302   -0.04022692 -0.04257062
  0.04061753 -0.13275296   -0.04022692 -0.04257062   -0.05949668 -0.06062564
    2    2
  0.24394717  0.00000000    0.00630942  0.00803951   -0.00592936  0.00000000
  0.00630942 -0.00803951    0.29451281  0.00000000   -0.00630942  0.00803951
 -0.00592936  0.00000000   -0.00630942 -0.00803951    0.24394717  0.00000000

     Dynamical  Matrix in cartesian axes

     q = (   -0.750000000   0.250000000  -0.750000000 ) 

    1    1
  0.24394717  0.00000000   -0.00630942  0.00803951    0.00592936  0.00000000
 -0.00630942 -0.00803951    0.29451281  0.00000000   -0.00630942 -0.00803951
  0.00592936  0.00000000   -0.00630942  0.00803951    0.24394717  0.00000000
    1    2
 -0.06062564 -0.05949668   -0.04257062 -0.04022692    0.13275296 -0.04061753
 -0.04257062 -0.04022692   -0.07907302 -0.05780045   -0.04257062 -0.04022692
  0.13275296 -0.04061753   -0.04257062 -0.04022692   -0.06062564 -0.05949668
    2    1
 -0.06062564  0.05949668   -0.04257062  0.04022692    0.13275296  0.04061753
 -0.04257062  0.04022692   -0.07907302  0.05780045   -0.04257062  0.04022692
  0.13275296  0.04061753   -0.04257062  0.04022692   -0.06062564  0.05949668
    2    2
  0.24394717  0.00000000   -0.00630942 -0.00803951    0.00592936  0.00000000
 -0.00630942  0.00803951    0.29451281  0.00000000   -0.00630942  0.00803951
  0.00592936  0.00000000   -0.00630942 -0.00803951    0.24394717  0.00000000

     Dynamical  Matrix in cartesian axes

     q = (   -0.250000000   0.750000000  -0.750000000 ) 

    1    1
  0.29451281  0.00000000   -0.00630942 -0.00803951    0.00630942  0.00803951
 -0.00630942  0.00803951    0.24394717  0.00000000   -0.00592936  0.00000000
  0.00630942 -0.00803951   -0.00592936  0.00000000    0.24394717  0.00000000
    1    2
 -0.07907302 -0.05780045   -0.04257062 -0.04022692    0.04257062  0.04022692
 -0.04257062 -0.04022692   -0.06062564 -0.05949668   -0.13275296  0.04061753
  0.04257062  0.04022692   -0.13275296  0.04061753   -0.06062564 -0.05949668
    2    1
 -0.07907302  0.05780045   -0.04257062  0.04022692    0.04257062 -0.04022692
 -0.04257062  0.04022692   -0.06062564  0.05949668   -0.13275296 -0.04061753
  0.04257062 -0.04022692   -0.13275296 -0.04061753   -0.06062564  0.05949668
    2    2
  0.29451281  0.00000000   -0.00630942  0.00803951    0.00630942 -0.00803951
 -0.00630942 -0.00803951    0.24394717  0.00000000   -0.00592936  0.00000000
  0.00630942  0.00803951   -0.00592936  0.00000000    0.24394717  0.00000000

     Dynamical  Matrix in cartesian axes

     q = (   -0.750000000   0.750000000  -0.250000000 ) 

    1    1
  0.24394717  0.00000000   -0.00592936  0.00000000    0.00630942 -0.00803951
 -0.00592936  0.00000000    0.24394717  0.00000000   -0.00630942  0.00803951
  0.00630942  0.00803951   -0.00630942 -0.00803951    0.29451281  0.00000000
    1    2
 -0.05949668  0.06062564    0.04061753  0.13275296    0.04022692 -0.04257062
  0.04061753  0.13275296   -0.05949668  0.06062564   -0.04022692  0.04257062
  0.04022692 -0.04257062   -0.04022692  0.04257062   -0.05780045  0.07907302
    2    1
 -0.05949668 -0.06062564    0.04061753 -0.13275296    0.04022692  0.04257062
  0.04061753 -0.13275296   -0.05949668 -0.06062564   -0.04022692 -0.04257062
  0.04022692  0.04257062   -0.04022692 -0.04257062   -0.05780045 -0.07907302
    2    2
  0.24394717  0.00000000   -0.00592936  0.00000000    0.00630942  0.00803951
 -0.00592936  0.00000000    0.24394717  0.00000000   -0.00630942 -0.00803951
  0.00630942 -0.00803951   -0.00630942  0.00803951    0.29451281  0.00000000

     Dynamical  Matrix in cartesian axes

     q = (    0.750000000   0.250000000   0.750000000 ) 

    1    1
  0.24394717  0.00000000    0.00630942 -0.00803951    0.00592936  0.00000000
  0.00630942  0.00803951    0.29451281  0.00000000    0.00630942  0.00803951
  0.00592936  0.00000000    0.00630942 -0.00803951    0.24394717  0.00000000
    1    2
 -0.06062564 -0.05949668    0.04257062  0.04022692    0.13275296 -0.04061753
  0.04257062  0.04022692   -0.07907302 -0.05780045    0.04257062  0.04022692
  0.13275296 -0.04061753    0.04257062  0.04022692   -0.06062564 -0.05949668
    2    1
 -0.06062564  0.05949668    0.04257062 -0.04022692    0.13275296  0.04061753
  0.04257062 -0.04022692   -0.07907302  0.05780045    0.04257062 -0.04022692
  0.13275296  0.04061753    0.04257062 -0.04022692   -0.06062564  0.05949668
    2    2
  0.24394717  0.00000000    0.00630942  0.00803951    0.00592936  0.00000000
  0.00630942 -0.00803951    0.29451281  0.00000000    0.00630942 -0.00803951
  0.00592936  0.00000000    0.00630942  0.00803951    0.24394717  0.00000000

     Dynamical  Matrix in cartesian axes

     q = (   -0.750000000   0.250000000   0.750000000 ) 

    1    1
  0.24394717  0.00000000   -0.00630942 -0.00803951   -0.00592936  0.00000000
 -0.00630942  0.00803951    0.29451281  0.00000000    0.00630942 -0.00803951
 -0.00592936  0.00000000    0.00630942  0.00803951    0.24394717  0.00000000
    1    2
  0.06062564 -0.05949668    0.04257062 -0.04022692    0.13275296  0.04061753
  0.04257062 -0.04022692    0.07907302 -0.05780045   -0.04257062  0.04022692
  0.13275296  0.04061753   -0.04257062  0.04022692    0.06062564 -0.05949668
    2    1
  0.06062564  0.05949668    0.04257062  0.04022692    0.13275296 -0.04061753
  0.04257062  0.04022692    0.07907302  0.05780045   -0.04257062 -0.04022692
  0.13275296 -0.04061753   -0.04257062 -0.04022692    0.06062564  0.05949668
    2    2
  0.24394717  0.00000000   -0.00630942  0.00803951   -0.00592936  0.00000000
 -0.00630942 -0.00803951    0.29451281  0.00000000    0.00630942  0.00803951
 -0.00592936  0.00000000    0.00630942 -0.00803951    0.24394717  0.00000000

     Dynamical  Matrix in cartesian axes

     q = (    0.750000000   0.250000000  -0.750000000 ) 

    1    1
  0.24394717  0.00000000    0.00630942  0.00803951   -0.00592936  0.00000000
  0.00630942 -0.00803951    0.29451281  0.00000000   -0.00630942  0.00803951
 -0.00592936  0.00000000   -0.00630942 -0.00803951    0.24394717  0.00000000
    1    2
 -0.05949668 -0.06062564    0.04022692  0.04257062    0.04061753 -0.13275296
  0.04022692  0.04257062   -0.05780045 -0.07907302   -0.04022692 -0.04257062
  0.04061753 -0.13275296   -0.04022692 -0.04257062   -0.05949668 -0.06062564
    2    1
 -0.05949668  0.06062564    0.04022692 -0.04257062    0.04061753  0.13275296
  0.04022692 -0.04257062   -0.05780045  0.07907302   -0.04022692  0.04257062
  0.04061753  0.13275296   -0.04022692  0.04257062   -0.05949668  0.06062564
    2    2
  0.24394717  0.00000000    0.00630942 -0.00803951   -0.00592936  0.00000000
  0.00630942  0.00803951    0.29451281  0.00000000   -0.00630942 -0.00803951
 -0.00592936  0.00000000   -0.00630942  0.00803951    0.24394717  0.00000000

     Dynamical  Matrix in cartesian axes

     q = (   -0.750000000   0.750000000   0.250000000 ) 

    1    1
  0.24394717  0.00000000   -0.00592936  0.00000000   -0.00630942 -0.00803951
 -0.00592936  0.00000000    0.24394717  0.00000000    0.00630942  0.00803951
 -0.00630942  0.00803951    0.00630942 -0.00803951    0.29451281  0.00000000
    1    2
  0.06062564 -0.05949668    0.13275296  0.04061753    0.04257062 -0.04022692
  0.13275296  0.04061753    0.06062564 -0.05949668   -0.04257062  0.04022692
  0.04257062 -0.04022692   -0.04257062  0.04022692    0.07907302 -0.05780045
    2    1
  0.06062564  0.05949668    0.13275296 -0.04061753    0.04257062  0.04022692
  0.13275296 -0.04061753    0.06062564  0.05949668   -0.04257062 -0.04022692
  0.04257062  0.04022692   -0.04257062 -0.04022692    0.07907302  0.05780045
    2    2
  0.24394717  0.00000000   -0.00592936  0.00000000   -0.00630942  0.00803951
 -0.00592936  0.00000000    0.24394717  0.00000000    0.00630942 -0.00803951
 -0.00630942 -0.00803951    0.00630942  0.00803951    0.29451281  0.00000000

     Dynamical  Matrix in cartesian axes

     q = (   -0.250000000   0.750000000   0.750000000 ) 

    1    1
  0.29451281  0.00000000   -0.00630942  0.00803951   -0.00630942  0.00803951
 -0.00630942 -0.00803951    0.24394717  0.00000000    0.00592936  0.00000000
 -0.00630942 -0.00803951    0.00592936  0.00000000    0.24394717  0.00000000
    1    2
  0.07907302 -0.05780045    0.04257062 -0.04022692    0.04257062 -0.04022692
  0.04257062 -0.04022692    0.06062564 -0.05949668   -0.13275296 -0.04061753
  0.04257062 -0.04022692   -0.13275296 -0.04061753    0.06062564 -0.05949668
    2    1
  0.07907302  0.05780045    0.04257062  0.04022692    0.04257062  0.04022692
  0.04257062  0.04022692    0.06062564  0.05949668   -0.13275296  0.04061753
  0.04257062  0.04022692   -0.13275296  0.04061753    0.06062564  0.05949668
    2    2
  0.29451281  0.00000000   -0.00630942 -0.00803951   -0.00630942 -0.00803951
 -0.00630942  0.00803951    0.24394717  0.00000000    0.00592936  0.00000000
 -0.00630942  0.00803951    0.00592936  0.00000000    0.24394717  0.00000000

     Dynamical  Matrix in cartesian axes

     q = (    0.250000000   0.750000000  -0.750000000 ) 

    1    1
  0.29451281  0.00000000    0.00630942 -0.00803951   -0.00630942  0.00803951
  0.00630942  0.00803951    0.24394717  0.00000000   -0.00592936  0.00000000
 -0.00630942 -0.00803951   -0.00592936  0.00000000    0.24394717  0.00000000
    1    2
 -0.07907302  0.05780045    0.04257062 -0.04022692   -0.04257062  0.04022692
  0.04257062 -0.04022692   -0.06062564  0.05949668   -0.13275296 -0.04061753
 -0.04257062  0.04022692   -0.13275296 -0.04061753   -0.06062564  0.05949668
    2    1
 -0.07907302 -0.05780045    0.04257062  0.04022692   -0.04257062 -0.04022692
  0.04257062  0.04022692   -0.06062564 -0.05949668   -0.13275296  0.04061753
 -0.04257062 -0.04022692   -0.13275296  0.04061753   -0.06062564 -0.05949668
    2    2
  0.29451281  0.00000000    0.00630942  0.00803951   -0.00630942 -0.00803951
  0.00630942 -0.00803951    0.24394717  0.00000000   -0.00592936  0.00000000
 -0.00630942  0.00803951   -0.00592936  0.00000000    0.24394717  0.00000000

     Dynamical  Matrix in cartesian axes

     q = (   -0.250000000  -0.750000000  -0.750000000 ) 

    1    1
  0.29451281  0.00000000    0.00630942 -0.00803951    0.00630942 -0.00803951
  0.00630942  0.00803951    0.24394717  0.00000000    0.00592936  0.00000000
  0.00630942  0.00803951    0.00592936  0.00000000    0.24394717  0.00000000
    1    2
 -0.05780045 -0.07907302    0.04022692  0.04257062    0.04022692  0.04257062
  0.04022692  0.04257062   -0.05949668 -0.06062564   -0.04061753  0.13275296
  0.04022692  0.04257062   -0.04061753  0.13275296   -0.05949668 -0.06062564
    2    1
 -0.05780045  0.07907302    0.04022692 -0.04257062    0.04022692 -0.04257062
  0.04022692 -0.04257062   -0.05949668  0.06062564   -0.04061753 -0.13275296
  0.04022692 -0.04257062   -0.04061753 -0.13275296   -0.05949668  0.06062564
    2    2
  0.29451281  0.00000000    0.00630942  0.00803951    0.00630942  0.00803951
  0.00630942 -0.00803951    0.24394717  0.00000000    0.00592936  0.00000000
  0.00630942 -0.00803951    0.00592936  0.00000000    0.24394717  0.00000000

     Dynamical  Matrix in cartesian axes

     q = (    0.750000000   0.750000000  -0.250000000 ) 

    1    1
  0.24394717  0.00000000    0.00592936  0.00000000   -0.00630942 -0.00803951
  0.00592936  0.00000000    0.24394717  0.00000000   -0.00630942 -0.00803951
 -0.00630942  0.00803951   -0.00630942  0.00803951    0.29451281  0.00000000
    1    2
 -0.06062564  0.05949668    0.13275296  0.04061753   -0.04257062  0.04022692
  0.13275296  0.04061753   -0.06062564  0.05949668   -0.04257062  0.04022692
 -0.04257062  0.04022692   -0.04257062  0.04022692   -0.07907302  0.05780045
    2    1
 -0.06062564 -0.05949668    0.13275296 -0.04061753   -0.04257062 -0.04022692
  0.13275296 -0.04061753   -0.06062564 -0.05949668   -0.04257062 -0.04022692
 -0.04257062 -0.04022692   -0.04257062 -0.04022692   -0.07907302 -0.05780045
    2    2
  0.24394717  0.00000000    0.00592936  0.00000000   -0.00630942  0.00803951
  0.00592936  0.00000000    0.24394717  0.00000000   -0.00630942  0.00803951
 -0.00630942 -0.00803951   -0.00630942 -0.00803951    0.29451281  0.00000000

     Dynamical  Matrix in cartesian axes

     q = (    0.750000000  -0.750000000   0.250000000 ) 

    1    1
  0.24394717  0.00000000   -0.00592936  0.00000000    0.00630942  0.00803951
 -0.00592936  0.00000000    0.24394717  0.00000000   -0.00630942 -0.00803951
  0.00630942 -0.00803951   -0.00630942  0.00803951    0.29451281  0.00000000
    1    2
 -0.05949668 -0.06062564    0.04061753 -0.13275296    0.04022692  0.04257062
  0.04061753 -0.13275296   -0.05949668 -0.06062564   -0.04022692 -0.04257062
  0.04022692  0.04257062   -0.04022692 -0.04257062   -0.05780045 -0.07907302
    2    1
 -0.05949668  0.06062564    0.04061753  0.13275296    0.04022692 -0.04257062
  0.04061753  0.13275296   -0.05949668  0.06062564   -0.04022692  0.04257062
  0.04022692 -0.04257062   -0.04022692  0.04257062   -0.05780045  0.07907302
    2    2
  0.24394717  0.00000000   -0.00592936  0.00000000    0.00630942 -0.00803951
 -0.00592936  0.00000000    0.24394717  0.00000000   -0.00630942  0.00803951
  0.00630942  0.00803951   -0.00630942 -0.00803951    0.29451281  0.00000000

     Dynamical  Matrix in cartesian axes

     q = (   -0.750000000  -0.750000000  -0.250000000 ) 

    1    1
  0.24394717  0.00000000    0.00592936  0.00000000    0.00630942  0.00803951
  0.00592936  0.00000000    0.24394717  0.00000000    0.00630942  0.00803951
  0.00630942 -0.00803951    0.00630942 -0.00803951    0.29451281  0.00000000
    1    2
 -0.06062564  0.05949668    0.13275296  0.04061753    0.04257062 -0.04022692
  0.13275296  0.04061753   -0.06062564  0.05949668    0.04257062 -0.04022692
  0.04257062 -0.04022692    0.04257062 -0.04022692   -0.07907302  0.05780045
    2    1
 -0.06062564 -0.05949668    0.13275296 -0.04061753    0.04257062  0.04022692
  0.13275296 -0.04061753   -0.06062564 -0.05949668    0.04257062  0.04022692
  0.04257062  0.04022692    0.04257062  0.04022692   -0.07907302 -0.05780045
    2    2
  0.24394717  0.00000000    0.00592936  0.00000000    0.00630942 -0.00803951
  0.00592936  0.00000000    0.24394717  0.00000000    0.00630942 -0.00803951
  0.00630942  0.00803951    0.00630942  0.00803951    0.29451281  0.00000000

     Dynamical  Matrix in cartesian axes

     q = (    0.250000000  -0.750000000   0.750000000 ) 

    1    1
  0.29451281  0.00000000   -0.00630942  0.00803951    0.00630942 -0.00803951
 -0.00630942 -0.00803951    0.24394717  0.00000000   -0.00592936  0.00000000
  0.00630942  0.00803951   -0.00592936  0.00000000    0.24394717  0.00000000
    1    2
 -0.07907302  0.05780045   -0.04257062  0.04022692    0.04257062 -0.04022692
 -0.04257062  0.04022692   -0.06062564  0.05949668   -0.13275296 -0.04061753
  0.04257062 -0.04022692   -0.13275296 -0.04061753   -0.06062564  0.05949668
    2    1
 -0.07907302 -0.05780045   -0.04257062 -0.04022692    0.04257062  0.04022692
 -0.04257062 -0.04022692   -0.06062564 -0.05949668   -0.13275296  0.04061753
  0.04257062  0.04022692   -0.13275296  0.04061753   -0.06062564 -0.05949668
    2    2
  0.29451281  0.00000000   -0.00630942 -0.00803951    0.00630942  0.00803951
 -0.00630942  0.00803951    0.24394717  0.00000000   -0.00592936  0.00000000
  0.00630942 -0.00803951   -0.00592936  0.00000000    0.24394717  0.00000000

     Dynamical  Matrix in cartesian axes

     q = (   -0.750000000  -0.750000000   0.250000000 ) 

    1    1
  0.24394717  0.00000000    0.00592936  0.00000000   -0.00630942  0.00803951
  0.00592936  0.00000000    0.24394717  0.00000000   -0.00630942  0.00803951
 -0.00630942 -0.00803951   -0.00630942 -0.00803951    0.29451281  0.00000000
    1    2
 -0.06062564 -0.05949668    0.13275296 -0.04061753   -0.04257062 -0.04022692
  0.13275296 -0.04061753   -0.06062564 -0.05949668   -0.04257062 -0.04022692
 -0.04257062 -0.04022692   -0.04257062 -0.04022692   -0.07907302 -0.05780045
    2    1
 -0.06062564  0.05949668    0.13275296  0.04061753   -0.04257062  0.04022692
  0.13275296  0.04061753   -0.06062564  0.05949668   -0.04257062  0.04022692
 -0.04257062  0.04022692   -0.04257062  0.04022692   -0.07907302  0.05780045
    2    2
  0.24394717  0.00000000    0.00592936  0.00000000   -0.00630942 -0.00803951
  0.00592936  0.00000000    0.24394717  0.00000000   -0.00630942 -0.00803951
 -0.00630942  0.00803951   -0.00630942  0.00803951    0.29451281  0.00000000

     Dynamical  Matrix in cartesian axes

     q = (    0.250000000   0.750000000   0.750000000 ) 

    1    1
  0.29451281  0.00000000    0.00630942  0.00803951    0.00630942  0.00803951
  0.00630942 -0.00803951    0.24394717  0.00000000    0.00592936  0.00000000
  0.00630942 -0.00803951    0.00592936  0.00000000    0.24394717  0.00000000
    1    2
 -0.05780045  0.07907302    0.04022692 -0.04257062    0.04022692 -0.04257062
  0.04022692 -0.04257062   -0.05949668  0.06062564   -0.04061753 -0.13275296
  0.04022692 -0.04257062   -0.04061753 -0.13275296   -0.05949668  0.06062564
    2    1
 -0.05780045 -0.07907302    0.04022692  0.04257062    0.04022692  0.04257062
  0.04022692  0.04257062   -0.05949668 -0.06062564   -0.04061753  0.13275296
  0.04022692  0.04257062   -0.04061753  0.13275296   -0.05949668 -0.06062564
    2    2
  0.29451281  0.00000000    0.00630942 -0.00803951    0.00630942 -0.00803951
  0.00630942  0.00803951    0.24394717  0.00000000    0.00592936  0.00000000
  0.00630942  0.00803951    0.00592936  0.00000000    0.24394717  0.00000000

     Dynamical  Matrix in cartesian axes

     q = (   -0.250000000  -0.750000000   0.750000000 ) 

    1    1
  0.29451281  0.00000000    0.00630942  0.00803951   -0.00630942 -0.00803951
  0.00630942 -0.00803951    0.24394717  0.00000000   -0.00592936  0.00000000
 -0.00630942  0.00803951   -0.00592936  0.00000000    0.24394717  0.00000000
    1    2
 -0.07907302 -0.05780045    0.04257062  0.04022692   -0.04257062 -0.04022692
  0.04257062  0.04022692   -0.06062564 -0.05949668   -0.13275296  0.04061753
 -0.04257062 -0.04022692   -0.13275296  0.04061753   -0.06062564 -0.05949668
    2    1
 -0.07907302  0.05780045    0.04257062 -0.04022692   -0.04257062  0.04022692
  0.04257062 -0.04022692   -0.06062564  0.05949668   -0.13275296 -0.04061753
 -0.04257062  0.04022692   -0.13275296 -0.04061753   -0.06062564  0.05949668
    2    2
  0.29451281  0.00000000    0.00630942 -0.00803951   -0.00630942  0.00803951
  0.00630942  0.00803951    0.24394717  0.00000000   -0.00592936  0.00000000
 -0.00630942 -0.00803951   -0.00592936  0.00000000    0.24394717  0.00000000

     Dynamical  Matrix in cartesian axes

     q = (    0.750000000   0.750000000   0.250000000 ) 

    1    1
  0.24394717  0.00000000    0.00592936  0.00000000    0.00630942 -0.00803951
  0.00592936  0.00000000    0.24394717  0.00000000    0.00630942 -0.00803951
  0.00630942  0.00803951    0.00630942  0.00803951    0.29451281  0.00000000
    1    2
 -0.06062564 -0.05949668    0.13275296 -0.04061753    0.04257062  0.04022692
  0.13275296 -0.04061753   -0.06062564 -0.05949668    0.04257062  0.04022692
  0.04257062  0.04022692    0.04257062  0.04022692   -0.07907302 -0.05780045
    2    1
 -0.06062564  0.05949668    0.13275296  0.04061753    0.04257062 -0.04022692
  0.13275296  0.04061753   -0.06062564  0.05949668    0.04257062 -0.04022692
  0.04257062 -0.04022692    0.04257062 -0.04022692   -0.07907302  0.05780045
    2    2
  0.24394717  0.00000000    0.00592936  0.00000000    0.00630942  0.00803951
  0.00592936  0.00000000    0.24394717  0.00000000    0.00630942  0.00803951
  0.00630942 -0.00803951    0.00630942 -0.00803951    0.29451281  0.00000000

     Dynamical  Matrix in cartesian axes

     q = (    0.250000000  -0.750000000  -0.750000000 ) 

    1    1
  0.29451281  0.00000000   -0.00630942 -0.00803951   -0.00630942 -0.00803951
 -0.00630942  0.00803951    0.24394717  0.00000000    0.00592936  0.00000000
 -0.00630942  0.00803951    0.00592936  0.00000000    0.24394717  0.00000000
    1    2
  0.07907302  0.05780045    0.04257062  0.04022692    0.04257062  0.04022692
  0.04257062  0.04022692    0.06062564  0.05949668   -0.13275296  0.04061753
  0.04257062  0.04022692   -0.13275296  0.04061753    0.06062564  0.05949668
    2    1
  0.07907302 -0.05780045    0.04257062 -0.04022692    0.04257062 -0.04022692
  0.04257062 -0.04022692    0.06062564 -0.05949668   -0.13275296 -0.04061753
  0.04257062 -0.04022692   -0.13275296 -0.04061753    0.06062564 -0.05949668
    2    2
  0.29451281  0.00000000   -0.00630942  0.00803951   -0.00630942  0.00803951
 -0.00630942 -0.00803951    0.24394717  0.00000000    0.00592936  0.00000000
 -0.00630942 -0.00803951    0.00592936  0.00000000    0.24394717  0.00000000

     Dynamical  Matrix in cartesian axes

     q = (    0.750000000  -0.750000000  -0.250000000 ) 

    1    1
  0.24394717  0.00000000   -0.00592936  0.00000000   -0.00630942  0.00803951
 -0.00592936  0.00000000    0.24394717  0.00000000    0.00630942 -0.00803951
 -0.00630942 -0.00803951    0.00630942  0.00803951    0.29451281  0.00000000
    1    2
  0.06062564  0.05949668    0.13275296 -0.04061753    0.04257062  0.04022692
  0.13275296 -0.04061753    0.06062564  0.05949668   -0.04257062 -0.04022692
  0.04257062  0.04022692   -0.04257062 -0.04022692    0.07907302  0.05780045
    2    1
  0.06062564 -0.05949668    0.13275296  0.04061753    0.04257062 -0.04022692
  0.13275296  0.04061753    0.06062564 -0.05949668   -0.04257062  0.04022692
  0.04257062 -0.04022692   -0.04257062  0.04022692    0.07907302 -0.05780045
    2    2
  0.24394717  0.00000000   -0.00592936  0.00000000   -0.00630942 -0.00803951
 -0.00592936  0.00000000    0.24394717  0.00000000    0.00630942  0.00803951
 -0.00630942  0.00803951    0.00630942 -0.00803951    0.29451281  0.00000000

     Diagonalizing the dynamical matrix

     q = (    0.750000000  -0.250000000   0.750000000 ) 

 **************************************************************************
     omega( 1) =       4.299364 [THz] =     143.411355 [cm-1]
 (  0.497634 -0.048583  0.000000  0.000000 -0.497634  0.048583 ) 
 (  0.500000  0.000000  0.000000  0.000000 -0.500000  0.000000 ) 
     omega( 2) =       5.918753 [THz] =     197.428363 [cm-1]
 (  0.158933  0.391476 -0.154133  0.345277  0.158933  0.391476 ) 
 ( -0.422509  0.000000 -0.261938  0.272694 -0.422509  0.000000 ) 
     omega( 3) =       9.326295 [THz] =     311.091703 [cm-1]
 (  0.291401 -0.112941 -0.397642 -0.382805  0.291401 -0.112941 ) 
 ( -0.312522  0.000000  0.232428 -0.500636 -0.312522  0.000000 ) 
     omega( 4) =      12.011805 [THz] =     400.670688 [cm-1]
 ( -0.317333 -0.083144  0.346804  0.405587 -0.317333 -0.083144 ) 
 ( -0.328044  0.000000  0.438278 -0.304445 -0.328044  0.000000 ) 
     omega( 5) =      13.519654 [THz] =     450.967125 [cm-1]
 (  0.497634 -0.048583  0.000000  0.000000 -0.497634  0.048583 ) 
 ( -0.500000  0.000000  0.000000  0.000000  0.500000  0.000000 ) 
     omega( 6) =      13.929664 [THz] =     464.643587 [cm-1]
 (  0.158765  0.301657 -0.221856  0.467304  0.158765  0.301657 ) 
 (  0.340886  0.000000  0.310199 -0.413968  0.340886  0.000000 ) 
 **************************************************************************
