
     Program PHONON v.5.0.2 (svn rev. 10600) starts on  6Jul2014 at 15: 5: 5 

     This program is part of the open-source Quantum ESPRESSO suite
     for quantum simulation of materials; please cite
         "P. Giannozzi et al., J. Phys.:Condens. Matter 21 395502 (2009);
          URL http://www.quantum-espresso.org", 
     in publications or presentations arising from this work. More details at
     http://www.quantum-espresso.org/quote

     Parallel version (MPI), running on     8 processors
     K-points division:     npool     =       2
     R & G space division:  proc/nbgrp/npool/nimage =       4

   Info: using nr1, nr2, nr3 values from input

   Info: using nr1s, nr2s, nr3s values from input

     IMPORTANT: XC functional enforced from input :
     Exchange-correlation      = SLA  PW   PBE  PBE ( 1  4  3  4 0)
     Any further DFT definition will be discarded
     Please, verify this is what you really want

               file H.pbe-vbc.UPF: wavefunction(s)  0S renormalized

     Parallelization info
     --------------------
     sticks:   dense  smooth     PW     G-vecs:    dense   smooth      PW
     Min         510     510    145                19326    19326    2918
     Max         511     511    146                19327    19327    2919
     Sum        2043    2043    581                77307    77307   11675


     Calculation of q =    0.0000000   0.0000000   0.0000000

                                                                                

     bravais-lattice index     =            8
     lattice parameter (alat)  =       8.0518  a.u.
     unit-cell volume          =    2760.3463 (a.u.)^3
     number of atoms/cell      =           18
     number of atomic types    =            2
     kinetic-energy cut-off    =      35.0000  Ry
     charge density cut-off    =     140.0000  Ry
     convergence threshold     =      1.0E-14
     beta                      =       0.7000
     number of iterations used =            4
     Exchange-correlation      = SLA  PW   PBE  PBE ( 1  4  3  4 0)


     celldm(1)=    8.05183  celldm(2)=    2.81634  celldm(3)=    1.87756
     celldm(4)=    0.00000  celldm(5)=    0.00000  celldm(6)=    0.00000

     crystal axes: (cart. coord. in units of alat)
               a(1) = (  1.0000  0.0000  0.0000 )  
               a(2) = (  0.0000  2.8163  0.0000 )  
               a(3) = (  0.0000  0.0000  1.8776 )  

     reciprocal axes: (cart. coord. in units 2 pi/alat)
               b(1) = (  1.0000  0.0000  0.0000 )  
               b(2) = (  0.0000  0.3551  0.0000 )  
               b(3) = (  0.0000  0.0000  0.5326 )  


     Atoms inside the unit cell: 

     Cartesian axes

     site n.  atom      mass           positions (alat units)
        1     H    1.0079   tau(    1) = (    0.18954   -0.65616    0.30215  )
        2     H    1.0079   tau(    2) = (    0.29094   -0.78580   -0.07738  )
        3     H    1.0079   tau(    3) = (    0.70906   -0.78580    0.07738  )
        4     H    1.0079   tau(    4) = (    0.81046   -0.65616   -0.30215  )
        5     C   12.0107   tau(    5) = (    0.17076   -0.59603    0.04921  )
        6     C   12.0107   tau(    6) = (    0.82924   -0.59603   -0.04921  )
        7     C   12.0107   tau(    7) = (    0.33580   -0.28557    0.00312  )
        8     C   12.0107   tau(    8) = (    0.66420   -0.28557   -0.00312  )
        9     C   12.0107   tau(    9) = (    0.17497    0.00000   -0.00017  )
       10     C   12.0107   tau(   10) = (    0.82503    0.00000    0.00017  )
       11     C   12.0107   tau(   11) = (    0.33580    0.28557    0.00312  )
       12     C   12.0107   tau(   12) = (    0.66420    0.28557   -0.00312  )
       13     C   12.0107   tau(   13) = (    0.17076    0.59603    0.04921  )
       14     C   12.0107   tau(   14) = (    0.82924    0.59603   -0.04921  )
       15     H    1.0079   tau(   15) = (   -0.18954    0.65616   -0.30215  )
       16     H    1.0079   tau(   16) = (   -0.29094    0.78580    0.07738  )
       17     H    1.0079   tau(   17) = (   -0.70906    0.78580   -0.07738  )
       18     H    1.0079   tau(   18) = (   -0.81046    0.65616    0.30215  )

     Computing dynamical matrix for 
                    q = (   0.0000000   0.0000000   0.0000000 )

      5 Sym.Ops. (with q -> -q+G )


     G cutoff =  229.9098  (  19326 G-vectors)     FFT grid: ( 32, 90, 60)
     number of k points=     2
                       cart. coord. in units 2pi/alat
        k(    1) = (   0.0000000   0.0000000   0.0000000), wk =   1.0000000
        k(    2) = (  -0.5000000   0.0000000   0.0000000), wk =   1.0000000

     PseudoPot. # 1 for C  read from file:
     ../PP_LIBRARY/C.pbe-mt_gipaw.UPF
     MD5 check sum: 5ac2f21f2c440b14befe521540822c15
     Pseudo is Norm-conserving, Zval =  4.0
     Generated by new atomic code, or converted to UPF format
     Using radial grid of 1073 points,  1 beta functions with: 
                l(1) =   0

     PseudoPot. # 2 for H  read from file:
     ../PP_LIBRARY/H.pbe-vbc.UPF
     MD5 check sum: 0ad67d0772b4eb71cad78a7d32695431
     Pseudo is Norm-conserving, Zval =  1.0
     Generated by new atomic code, or converted to UPF format
     Using radial grid of  325 points,  0 beta functions with: 

     Mode symmetry, C_2h (2/m)  point group:


     Electric field:
     Dielectric constant
     Born effective charges as d Force / d E
     Raman tensor


     Atomic displacements:
     There are  54 irreducible representations

     Representation     1      1 modes -A_g  To be done

     Representation     2      1 modes -A_g  To be done

     Representation     3      1 modes -A_g  To be done

     Representation     4      1 modes -A_g  To be done

     Representation     5      1 modes -A_g  To be done

     Representation     6      1 modes -A_g  To be done

     Representation     7      1 modes -A_g  To be done

     Representation     8      1 modes -A_g  To be done

     Representation     9      1 modes -A_g  To be done

     Representation    10      1 modes -A_g  To be done

     Representation    11      1 modes -A_g  To be done

     Representation    12      1 modes -A_g  To be done

     Representation    13      1 modes -A_g  To be done

     Representation    14      1 modes -A_g  To be done

     Representation    15      1 modes -B_g  To be done

     Representation    16      1 modes -B_g  To be done

     Representation    17      1 modes -B_g  To be done

     Representation    18      1 modes -B_g  To be done

     Representation    19      1 modes -B_g  To be done

     Representation    20      1 modes -B_g  To be done

     Representation    21      1 modes -B_g  To be done

     Representation    22      1 modes -B_g  To be done

     Representation    23      1 modes -B_g  To be done

     Representation    24      1 modes -B_g  To be done

     Representation    25      1 modes -B_g  To be done

     Representation    26      1 modes -B_g  To be done

     Representation    27      1 modes -B_g  To be done

     Representation    28      1 modes -A_u  To be done

     Representation    29      1 modes -A_u  To be done

     Representation    30      1 modes -A_u  To be done

     Representation    31      1 modes -A_u  To be done

     Representation    32      1 modes -A_u  To be done

     Representation    33      1 modes -A_u  To be done

     Representation    34      1 modes -A_u  To be done

     Representation    35      1 modes -A_u  To be done

     Representation    36      1 modes -A_u  To be done

     Representation    37      1 modes -A_u  To be done

     Representation    38      1 modes -A_u  To be done

     Representation    39      1 modes -A_u  To be done

     Representation    40      1 modes -A_u  To be done

     Representation    41      1 modes -B_u  To be done

     Representation    42      1 modes -B_u  To be done

     Representation    43      1 modes -B_u  To be done

     Representation    44      1 modes -B_u  To be done

     Representation    45      1 modes -B_u  To be done

     Representation    46      1 modes -B_u  To be done

     Representation    47      1 modes -B_u  To be done

     Representation    48      1 modes -B_u  To be done

     Representation    49      1 modes -B_u  To be done

     Representation    50      1 modes -B_u  To be done

     Representation    51      1 modes -B_u  To be done

     Representation    52      1 modes -B_u  To be done

     Representation    53      1 modes -B_u  To be done

     Representation    54      1 modes -B_u  To be done



     Alpha used in Ewald sum =   1.3000
     PHONON       :    18.14s CPU        18.35s WALL


     Electric Fields Calculation

      iter #   1 total cpu time :    43.3 secs   av.it.:   7.0
      thresh= 1.000E-02 alpha_mix =  0.700 |ddv_scf|^2 =  7.993E-06

      iter #   2 total cpu time :    56.8 secs   av.it.:  11.7
      thresh= 2.827E-04 alpha_mix =  0.700 |ddv_scf|^2 =  1.809E-05

      iter #   3 total cpu time :    72.2 secs   av.it.:  10.7
      thresh= 4.253E-04 alpha_mix =  0.700 |ddv_scf|^2 =  1.054E-06

      iter #   4 total cpu time :    83.0 secs   av.it.:  11.3
      thresh= 1.027E-04 alpha_mix =  0.700 |ddv_scf|^2 =  1.312E-08

      iter #   5 total cpu time :    91.8 secs   av.it.:  12.3
      thresh= 1.145E-05 alpha_mix =  0.700 |ddv_scf|^2 =  3.923E-10

      iter #   6 total cpu time :   102.1 secs   av.it.:  12.3
      thresh= 1.981E-06 alpha_mix =  0.700 |ddv_scf|^2 =  1.613E-10

      iter #   7 total cpu time :   115.0 secs   av.it.:  12.3
      thresh= 1.270E-06 alpha_mix =  0.700 |ddv_scf|^2 =  2.665E-11

      iter #   8 total cpu time :   130.4 secs   av.it.:  12.0
      thresh= 5.162E-07 alpha_mix =  0.700 |ddv_scf|^2 =  1.162E-12

      iter #   9 total cpu time :   149.0 secs   av.it.:  12.7
      thresh= 1.078E-07 alpha_mix =  0.700 |ddv_scf|^2 =  4.122E-13

      iter #  10 total cpu time :   161.2 secs   av.it.:  12.0
      thresh= 6.420E-08 alpha_mix =  0.700 |ddv_scf|^2 =  1.283E-14

      iter #  11 total cpu time :   177.7 secs   av.it.:  12.3
      thresh= 1.133E-08 alpha_mix =  0.700 |ddv_scf|^2 =  6.971E-15

     End of electric fields calculation

          Dielectric constant in cartesian axis 

          (       5.439036351       0.000000000       0.006814561 )
          (       0.000000000       1.647925041       0.000000000 )
          (       0.006814565       0.000000000       1.315488701 )

          Effective charges (d Force / dE) in cartesian axis

           atom      1   H  
      Ex  (        0.13750       -0.04306       -0.09884 )
      Ey  (       -0.05449       -0.01840        0.13551 )
      Ez  (       -0.02181        0.04541       -0.11637 )
           atom      2   H  
      Ex  (        0.02972        0.07312        0.06012 )
      Ey  (        0.08860       -0.07157       -0.09836 )
      Ez  (        0.02809       -0.04016        0.01349 )
           atom      3   H  
      Ex  (        0.02972       -0.07312        0.06012 )
      Ey  (       -0.08860       -0.07157        0.09836 )
      Ez  (        0.02809        0.04016        0.01349 )
           atom      4   H  
      Ex  (        0.13750        0.04306       -0.09884 )
      Ey  (        0.05449       -0.01840       -0.13551 )
      Ez  (       -0.02181       -0.04541       -0.11637 )
           atom      5   C  
      Ex  (        0.11475       -0.13022        0.07693 )
      Ey  (       -0.05394        0.07819        0.01895 )
      Ez  (        0.01078        0.00936        0.20302 )
           atom      6   C  
      Ex  (        0.11475        0.13022        0.07693 )
      Ey  (        0.05394        0.07819       -0.01895 )
      Ez  (        0.01078       -0.00936        0.20302 )
           atom      7   C  
      Ex  (       -0.99188        0.89930       -0.13315 )
      Ey  (        0.18241        0.09115       -0.18231 )
      Ez  (       -0.01899       -0.06364       -0.04132 )
           atom      8   C  
      Ex  (       -0.99188       -0.89930       -0.13315 )
      Ey  (       -0.18241        0.09115        0.18231 )
      Ez  (       -0.01899        0.06364       -0.04132 )
           atom      9   C  
      Ex  (       -0.53360        0.00000        0.18900 )
      Ey  (        0.00000       -0.08304       -0.00000 )
      Ez  (        0.00564       -0.00000       -0.01696 )
           atom     10   C  
      Ex  (       -0.53360        0.00000        0.18900 )
      Ey  (        0.00000       -0.08304        0.00000 )
      Ez  (        0.00564        0.00000       -0.01696 )
           atom     11   C  
      Ex  (       -0.99188       -0.89930       -0.13315 )
      Ey  (       -0.18241        0.09115        0.18231 )
      Ez  (       -0.01899        0.06364       -0.04132 )
           atom     12   C  
      Ex  (       -0.99188        0.89930       -0.13315 )
      Ey  (        0.18241        0.09115       -0.18231 )
      Ez  (       -0.01899       -0.06364       -0.04132 )
           atom     13   C  
      Ex  (        0.11475        0.13022        0.07693 )
      Ey  (        0.05394        0.07819       -0.01895 )
      Ez  (        0.01078       -0.00936        0.20302 )
           atom     14   C  
      Ex  (        0.11475       -0.13022        0.07693 )
      Ey  (       -0.05394        0.07819        0.01895 )
      Ez  (        0.01078        0.00936        0.20302 )
           atom     15   H  
      Ex  (        0.13750       -0.04306       -0.09884 )
      Ey  (       -0.05449       -0.01840        0.13551 )
      Ez  (       -0.02181        0.04541       -0.11637 )
           atom     16   H  
      Ex  (        0.02972        0.07312        0.06012 )
      Ey  (        0.08860       -0.07157       -0.09836 )
      Ez  (        0.02809       -0.04016        0.01349 )
           atom     17   H  
      Ex  (        0.02972       -0.07312        0.06012 )
      Ey  (       -0.08860       -0.07157        0.09836 )
      Ez  (        0.02809        0.04016        0.01349 )
           atom     18   H  
      Ex  (        0.13750        0.04306       -0.09884 )
      Ey  (        0.05449       -0.01840       -0.13551 )
      Ez  (       -0.02181       -0.04541       -0.11637 )

     Calling punch_plot_e
     Writing on file  gar-w_03-2H-ph.fildrho                                                                                                                                                                                                                                          

     Computing Pc [DH,Drho] |psi> 

     Derivative coefficient:  0.001000    Threshold: 1.00E-12
     Non-scf  u_k: avg # of iterations = 20.6
     Non-scf Du_k: avg # of iterations = 33.2

          Dielectric constant from finite-differences

          (       5.437087599       0.000000000       0.006816755 )
          (       0.000000000       1.647870652       0.000000000 )
          (       0.006816755       0.000000000       1.315454091 )

     Computing Second order response 


      iter #   1   av.it.:   9.5
      thresh= 1.000E-02 alpha_mix =  0.700 |ddv_scf|^2 =  9.502E-05


      iter #   2   av.it.:  11.0
      thresh= 9.748E-04 alpha_mix =  0.700 |ddv_scf|^2 =  3.051E-05


      iter #   3   av.it.:  11.0
      thresh= 5.523E-04 alpha_mix =  0.700 |ddv_scf|^2 =  1.360E-05


      iter #   4   av.it.:  10.2
      thresh= 3.688E-04 alpha_mix =  0.700 |ddv_scf|^2 =  4.557E-08


      iter #   5   av.it.:  12.7
      thresh= 2.135E-05 alpha_mix =  0.700 |ddv_scf|^2 =  4.442E-09


      iter #   6   av.it.:  12.0
      thresh= 6.665E-06 alpha_mix =  0.700 |ddv_scf|^2 =  8.570E-11


      iter #   7   av.it.:  12.8
      thresh= 9.257E-07 alpha_mix =  0.700 |ddv_scf|^2 =  1.399E-11


      iter #   8   av.it.:  12.5
      thresh= 3.740E-07 alpha_mix =  0.700 |ddv_scf|^2 =  2.197E-12


      iter #   9   av.it.:  12.7
      thresh= 1.482E-07 alpha_mix =  0.700 |ddv_scf|^2 =  6.584E-14


      iter #  10   av.it.:  12.7
      thresh= 2.566E-08 alpha_mix =  0.700 |ddv_scf|^2 =  4.027E-14


      iter #  11   av.it.:  11.7
      thresh= 2.007E-08 alpha_mix =  0.700 |ddv_scf|^2 =  7.733E-16

          Raman tensor (au^-1) in cartesian axis 

           atom      1
          (      -0.052512668      -0.002139362       0.004038059 )
          (      -0.002139362       0.002597815      -0.001450067 )
          (       0.004038059      -0.001450067      -0.003359450 )

          (      -0.005098588      -0.000261375      -0.000542630 )
          (      -0.000261375      -0.020378420       0.011287069 )
          (      -0.000542630       0.011287069      -0.009430476 )

          (       0.044448423       0.001272739       0.013682339 )
          (       0.001272739       0.035724151      -0.024849336 )
          (       0.013682339      -0.024849336       0.063552756 )

           atom      2
          (       0.051700037      -0.010958291      -0.005212945 )
          (      -0.010958291       0.011500201       0.002865978 )
          (      -0.005212945       0.002865978       0.000673311 )

          (      -0.000541353       0.012293921       0.005140195 )
          (       0.012293921      -0.038116464      -0.010921708 )
          (       0.005140195      -0.010921708       0.000196716 )

          (      -0.011022049       0.006116042       0.005285448 )
          (       0.006116042      -0.012173783      -0.013207299 )
          (       0.005285448      -0.013207299       0.002659052 )

           atom      3
          (      -0.051700037      -0.010958291       0.005212945 )
          (      -0.010958291      -0.011500201       0.002865978 )
          (       0.005212945       0.002865978      -0.000673311 )

          (      -0.000541353      -0.012293921       0.005140195 )
          (      -0.012293921      -0.038116464       0.010921708 )
          (       0.005140195       0.010921708       0.000196716 )

          (       0.011022049       0.006116042      -0.005285448 )
          (       0.006116042       0.012173783      -0.013207299 )
          (      -0.005285448      -0.013207299      -0.002659052 )

           atom      4
          (       0.052512668      -0.002139362      -0.004038059 )
          (      -0.002139362      -0.002597815      -0.001450067 )
          (      -0.004038059      -0.001450067       0.003359450 )

          (      -0.005098588       0.000261375      -0.000542630 )
          (       0.000261375      -0.020378420      -0.011287069 )
          (      -0.000542630      -0.011287069      -0.009430476 )

          (      -0.044448423       0.001272739      -0.013682339 )
          (       0.001272739      -0.035724151      -0.024849336 )
          (      -0.013682339      -0.024849336      -0.063552756 )

           atom      5
          (       0.119382377      -0.004849338       0.010276816 )
          (      -0.004849338      -0.004600516      -0.006037527 )
          (       0.010276816      -0.006037527      -0.005432268 )

          (       0.158551104      -0.019678874       0.002210939 )
          (      -0.019678874       0.047819930      -0.002936150 )
          (       0.002210939      -0.002936150       0.019738803 )

          (      -0.007723521      -0.008857088      -0.018127681 )
          (      -0.008857088      -0.020604088       0.026226444 )
          (      -0.018127681       0.026226444      -0.041151638 )

           atom      6
          (      -0.119382377      -0.004849338      -0.010276816 )
          (      -0.004849338       0.004600516      -0.006037527 )
          (      -0.010276816      -0.006037527       0.005432268 )

          (       0.158551104       0.019678874       0.002210939 )
          (       0.019678874       0.047819930       0.002936150 )
          (       0.002210939       0.002936150       0.019738803 )

          (       0.007723521      -0.008857088       0.018127681 )
          (      -0.008857088       0.020604088       0.026226444 )
          (       0.018127681       0.026226444       0.041151638 )

           atom      7
          (       2.423252402      -0.066815550       0.021690123 )
          (      -0.066815550      -0.031172465       0.001569483 )
          (       0.021690123       0.001569483      -0.000220250 )

          (      -2.142255438       0.067543861      -0.024843402 )
          (       0.067543861      -0.064193599       0.008047475 )
          (      -0.024843402       0.008047475      -0.033787888 )

          (       0.152571966       0.004499925       0.013469790 )
          (       0.004499925      -0.004860859      -0.008555472 )
          (       0.013469790      -0.008555472      -0.022824686 )

           atom      8
          (      -2.423252402      -0.066815550      -0.021690123 )
          (      -0.066815550       0.031172465       0.001569483 )
          (      -0.021690123       0.001569483       0.000220250 )

          (      -2.142255438      -0.067543861      -0.024843402 )
          (      -0.067543861      -0.064193599      -0.008047475 )
          (      -0.024843402      -0.008047475      -0.033787888 )

          (      -0.152571966       0.004499925      -0.013469790 )
          (       0.004499925       0.004860859      -0.008555472 )
          (      -0.013469790      -0.008555472       0.022824686 )

           atom      9
          (      -6.049859319       0.000000000      -0.040969878 )
          (       0.000000000      -0.063898234       0.000000000 )
          (      -0.040969878       0.000000000      -0.034795828 )

          (       0.000000000      -0.147600408       0.000000000 )
          (      -0.147600408       0.000000000      -0.009185401 )
          (       0.000000000      -0.009185401       0.000000000 )

          (       0.151986962       0.000000000      -0.108356578 )
          (       0.000000000      -0.009287129       0.000000000 )
          (      -0.108356578       0.000000000      -0.041636534 )

           atom     10
          (       6.049859319       0.000000000       0.040969878 )
          (       0.000000000       0.063898234       0.000000000 )
          (       0.040969878       0.000000000       0.034795828 )

          (       0.000000000       0.147600408       0.000000000 )
          (       0.147600408       0.000000000       0.009185401 )
          (       0.000000000       0.009185401       0.000000000 )

          (      -0.151986962       0.000000000       0.108356578 )
          (       0.000000000       0.009287129       0.000000000 )
          (       0.108356578       0.000000000       0.041636534 )

           atom     11
          (       2.423252402       0.066815550       0.021690123 )
          (       0.066815550      -0.031172465      -0.001569483 )
          (       0.021690123      -0.001569483      -0.000220250 )

          (       2.142255438       0.067543861       0.024843402 )
          (       0.067543861       0.064193599       0.008047475 )
          (       0.024843402       0.008047475       0.033787888 )

          (       0.152571966      -0.004499925       0.013469790 )
          (      -0.004499925      -0.004860859       0.008555472 )
          (       0.013469790       0.008555472      -0.022824686 )

           atom     12
          (      -2.423252402       0.066815550      -0.021690123 )
          (       0.066815550       0.031172465      -0.001569483 )
          (      -0.021690123      -0.001569483       0.000220250 )

          (       2.142255438      -0.067543861       0.024843402 )
          (      -0.067543861       0.064193599      -0.008047475 )
          (       0.024843402      -0.008047475       0.033787888 )

          (      -0.152571966      -0.004499925      -0.013469790 )
          (      -0.004499925       0.004860859       0.008555472 )
          (      -0.013469790       0.008555472       0.022824686 )

           atom     13
          (       0.119382377       0.004849338       0.010276816 )
          (       0.004849338      -0.004600516       0.006037527 )
          (       0.010276816       0.006037527      -0.005432268 )

          (      -0.158551104      -0.019678874      -0.002210939 )
          (      -0.019678874      -0.047819930      -0.002936150 )
          (      -0.002210939      -0.002936150      -0.019738803 )

          (      -0.007723521       0.008857088      -0.018127681 )
          (       0.008857088      -0.020604088      -0.026226444 )
          (      -0.018127681      -0.026226444      -0.041151638 )

           atom     14
          (      -0.119382377       0.004849338      -0.010276816 )
          (       0.004849338       0.004600516       0.006037527 )
          (      -0.010276816       0.006037527       0.005432268 )

          (      -0.158551104       0.019678874      -0.002210939 )
          (       0.019678874      -0.047819930       0.002936150 )
          (      -0.002210939       0.002936150      -0.019738803 )

          (       0.007723521       0.008857088       0.018127681 )
          (       0.008857088       0.020604088      -0.026226444 )
          (       0.018127681      -0.026226444       0.041151638 )

           atom     15
          (       0.052512668       0.002139362      -0.004038059 )
          (       0.002139362      -0.002597815       0.001450067 )
          (      -0.004038059       0.001450067       0.003359450 )

          (       0.005098588       0.000261375       0.000542630 )
          (       0.000261375       0.020378420      -0.011287069 )
          (       0.000542630      -0.011287069       0.009430476 )

          (      -0.044448423      -0.001272739      -0.013682339 )
          (      -0.001272739      -0.035724151       0.024849336 )
          (      -0.013682339       0.024849336      -0.063552756 )

           atom     16
          (      -0.051700037       0.010958291       0.005212945 )
          (       0.010958291      -0.011500201      -0.002865978 )
          (       0.005212945      -0.002865978      -0.000673311 )

          (       0.000541353      -0.012293921      -0.005140195 )
          (      -0.012293921       0.038116464       0.010921708 )
          (      -0.005140195       0.010921708      -0.000196716 )

          (       0.011022049      -0.006116042      -0.005285448 )
          (      -0.006116042       0.012173783       0.013207299 )
          (      -0.005285448       0.013207299      -0.002659052 )

           atom     17
          (       0.051700037       0.010958291      -0.005212945 )
          (       0.010958291       0.011500201      -0.002865978 )
          (      -0.005212945      -0.002865978       0.000673311 )

          (       0.000541353       0.012293921      -0.005140195 )
          (       0.012293921       0.038116464      -0.010921708 )
          (      -0.005140195      -0.010921708      -0.000196716 )

          (      -0.011022049      -0.006116042       0.005285448 )
          (      -0.006116042      -0.012173783       0.013207299 )
          (       0.005285448       0.013207299       0.002659052 )

           atom     18
          (      -0.052512668       0.002139362       0.004038059 )
          (       0.002139362       0.002597815       0.001450067 )
          (       0.004038059       0.001450067      -0.003359450 )

          (       0.005098588      -0.000261375       0.000542630 )
          (      -0.000261375       0.020378420       0.011287069 )
          (       0.000542630       0.011287069       0.009430476 )

          (       0.044448423      -0.001272739       0.013682339 )
          (      -0.001272739       0.035724151       0.024849336 )
          (       0.013682339       0.024849336       0.063552756 )


     Raman tensor (A^2)

     atom #    1    pol.  1
     -0.323013043314E+01     -0.131595259750E+00      0.248386842382E+00
     -0.131595259750E+00      0.159795345939E+00     -0.891957449266E-01
      0.248386842382E+00     -0.891957449266E-01     -0.206644635653E+00
     atom #    1    pol.  2
     -0.313621522787E+00     -0.160775619437E-01     -0.333779665496E-01
     -0.160775619437E-01     -0.125350621144E+01      0.694284020338E+00
     -0.333779665496E-01      0.694284020338E+00     -0.580082268235E+00
     atom #    1    pol.  3
      0.273408697766E+01      0.782880330852E-01      0.841620555312E+00
      0.782880330852E-01      0.219744436059E+01     -0.152851872002E+01
      0.841620555312E+00     -0.152851872002E+01      0.390922223058E+01
     atom #    2    pol.  1
      0.318014428587E+01     -0.674060378478E+00     -0.320655841706E+00
     -0.674060378478E+00      0.707394030038E+00      0.176290471792E+00
     -0.320655841706E+00      0.176290471792E+00      0.414163279749E-01
     atom #    2    pol.  2
     -0.332994236033E-01      0.756216933005E+00      0.316180878327E+00
      0.756216933005E+00     -0.234459902887E+01     -0.671810095594E+00
      0.316180878327E+00     -0.671810095594E+00      0.121002564440E-01
     atom #    2    pol.  3
     -0.677982205377E+00      0.376206640462E+00      0.325115594092E+00
      0.376206640462E+00     -0.748827086096E+00     -0.812400140345E+00
      0.325115594092E+00     -0.812400140345E+00      0.163562132422E+00
     atom #    3    pol.  1
     -0.318014428587E+01     -0.674060378478E+00      0.320655841706E+00
     -0.674060378478E+00     -0.707394030038E+00      0.176290471792E+00
      0.320655841706E+00      0.176290471792E+00     -0.414163279749E-01
     atom #    3    pol.  2
     -0.332994236033E-01     -0.756216933005E+00      0.316180878327E+00
     -0.756216933005E+00     -0.234459902887E+01      0.671810095594E+00
      0.316180878327E+00      0.671810095594E+00      0.121002564440E-01
     atom #    3    pol.  3
      0.677982205377E+00      0.376206640462E+00     -0.325115594092E+00
      0.376206640462E+00      0.748827086096E+00     -0.812400140345E+00
     -0.325115594092E+00     -0.812400140345E+00     -0.163562132422E+00
     atom #    4    pol.  1
      0.323013043314E+01     -0.131595259750E+00     -0.248386842382E+00
     -0.131595259750E+00     -0.159795345939E+00     -0.891957449266E-01
     -0.248386842382E+00     -0.891957449266E-01      0.206644635653E+00
     atom #    4    pol.  2
     -0.313621522787E+00      0.160775619437E-01     -0.333779665496E-01
      0.160775619437E-01     -0.125350621144E+01     -0.694284020338E+00
     -0.333779665496E-01     -0.694284020338E+00     -0.580082268235E+00
     atom #    4    pol.  3
     -0.273408697766E+01      0.782880330852E-01     -0.841620555312E+00
      0.782880330852E-01     -0.219744436059E+01     -0.152851872002E+01
     -0.841620555312E+00     -0.152851872002E+01     -0.390922223058E+01
     atom #    5    pol.  1
      0.734338323229E+01     -0.298289827230E+00      0.632141834909E+00
     -0.298289827230E+00     -0.282984425028E+00     -0.371377060915E+00
      0.632141834909E+00     -0.371377060915E+00     -0.334146705395E+00
     atom #    5    pol.  2
      0.975270849326E+01     -0.121047609149E+01      0.135998035582E+00
     -0.121047609149E+01      0.294147329232E+01     -0.180606835403E+00
      0.135998035582E+00     -0.180606835403E+00      0.121416243467E+01
     atom #    5    pol.  3
     -0.475085014545E+00     -0.544812360537E+00     -0.111505994525E+01
     -0.544812360537E+00     -0.126738732593E+01      0.161322663940E+01
     -0.111505994525E+01      0.161322663940E+01     -0.253129698148E+01
     atom #    6    pol.  1
     -0.734338323229E+01     -0.298289827230E+00     -0.632141834909E+00
     -0.298289827230E+00      0.282984425028E+00     -0.371377060915E+00
     -0.632141834909E+00     -0.371377060915E+00      0.334146705395E+00
     atom #    6    pol.  2
      0.975270849326E+01      0.121047609149E+01      0.135998035582E+00
      0.121047609149E+01      0.294147329232E+01      0.180606835403E+00
      0.135998035582E+00      0.180606835403E+00      0.121416243467E+01
     atom #    6    pol.  3
      0.475085014545E+00     -0.544812360537E+00      0.111505994525E+01
     -0.544812360537E+00      0.126738732593E+01      0.161322663940E+01
      0.111505994525E+01      0.161322663940E+01      0.253129698148E+01
     atom #    7    pol.  1
      0.149057771616E+03     -0.410992144454E+01      0.133419095199E+01
     -0.410992144454E+01     -0.191746358218E+01      0.965411895566E-01
      0.133419095199E+01      0.965411895566E-01     -0.135479278551E-01
     atom #    7    pol.  2
     -0.131773240631E+03      0.415472091713E+01     -0.152815367784E+01
      0.415472091713E+01     -0.394864140669E+01      0.495011834438E+00
     -0.152815367784E+01      0.495011834438E+00     -0.207834201101E+01
     atom #    7    pol.  3
      0.938492299642E+01      0.276796887060E+00      0.828546314044E+00
      0.276796887060E+00     -0.298998488675E+00     -0.526259500720E+00
      0.828546314044E+00     -0.526259500720E+00     -0.140397953865E+01
     atom #    8    pol.  1
     -0.149057771616E+03     -0.410992144454E+01     -0.133419095199E+01
     -0.410992144454E+01      0.191746358218E+01      0.965411895566E-01
     -0.133419095199E+01      0.965411895566E-01      0.135479278551E-01
     atom #    8    pol.  2
     -0.131773240631E+03     -0.415472091713E+01     -0.152815367784E+01
     -0.415472091713E+01     -0.394864140669E+01     -0.495011834438E+00
     -0.152815367784E+01     -0.495011834438E+00     -0.207834201101E+01
     atom #    8    pol.  3
     -0.938492299642E+01      0.276796887060E+00     -0.828546314044E+00
      0.276796887060E+00      0.298998488675E+00     -0.526259500720E+00
     -0.828546314044E+00     -0.526259500720E+00      0.140397953865E+01
     atom #    9    pol.  1
     -0.372135625606E+03      0.000000000000E+00     -0.252011663189E+01
      0.000000000000E+00     -0.393047310470E+01      0.000000000000E+00
     -0.252011663189E+01      0.000000000000E+00     -0.214034187169E+01
     atom #    9    pol.  2
      0.000000000000E+00     -0.907911527430E+01      0.000000000000E+00
     -0.907911527430E+01      0.000000000000E+00     -0.565007346754E+00
      0.000000000000E+00     -0.565007346754E+00      0.000000000000E+00
     atom #    9    pol.  3
      0.934893857779E+01      0.000000000000E+00     -0.666517032074E+01
      0.000000000000E+00     -0.571264781269E+00      0.000000000000E+00
     -0.666517032074E+01      0.000000000000E+00     -0.256112359488E+01
     atom #   10    pol.  1
      0.372135625606E+03      0.000000000000E+00      0.252011663189E+01
      0.000000000000E+00      0.393047310470E+01      0.000000000000E+00
      0.252011663189E+01      0.000000000000E+00      0.214034187169E+01
     atom #   10    pol.  2
      0.000000000000E+00      0.907911527430E+01      0.000000000000E+00
      0.907911527430E+01      0.000000000000E+00      0.565007346754E+00
      0.000000000000E+00      0.565007346754E+00      0.000000000000E+00
     atom #   10    pol.  3
     -0.934893857779E+01      0.000000000000E+00      0.666517032074E+01
      0.000000000000E+00      0.571264781269E+00      0.000000000000E+00
      0.666517032074E+01      0.000000000000E+00      0.256112359488E+01
     atom #   11    pol.  1
      0.149057771616E+03      0.410992144454E+01      0.133419095199E+01
      0.410992144454E+01     -0.191746358218E+01     -0.965411895566E-01
      0.133419095199E+01     -0.965411895566E-01     -0.135479278551E-01
     atom #   11    pol.  2
      0.131773240631E+03      0.415472091713E+01      0.152815367784E+01
      0.415472091713E+01      0.394864140669E+01      0.495011834438E+00
      0.152815367784E+01      0.495011834438E+00      0.207834201101E+01
     atom #   11    pol.  3
      0.938492299642E+01     -0.276796887060E+00      0.828546314044E+00
     -0.276796887060E+00     -0.298998488675E+00      0.526259500720E+00
      0.828546314044E+00      0.526259500720E+00     -0.140397953865E+01
     atom #   12    pol.  1
     -0.149057771616E+03      0.410992144454E+01     -0.133419095199E+01
      0.410992144454E+01      0.191746358218E+01     -0.965411895566E-01
     -0.133419095199E+01     -0.965411895566E-01      0.135479278551E-01
     atom #   12    pol.  2
      0.131773240631E+03     -0.415472091713E+01      0.152815367784E+01
     -0.415472091713E+01      0.394864140669E+01     -0.495011834438E+00
      0.152815367784E+01     -0.495011834438E+00      0.207834201101E+01
     atom #   12    pol.  3
     -0.938492299642E+01     -0.276796887060E+00     -0.828546314044E+00
     -0.276796887060E+00      0.298998488675E+00      0.526259500720E+00
     -0.828546314044E+00      0.526259500720E+00      0.140397953865E+01
     atom #   13    pol.  1
      0.734338323229E+01      0.298289827230E+00      0.632141834909E+00
      0.298289827230E+00     -0.282984425028E+00      0.371377060915E+00
      0.632141834909E+00      0.371377060915E+00     -0.334146705395E+00
     atom #   13    pol.  2
     -0.975270849326E+01     -0.121047609149E+01     -0.135998035582E+00
     -0.121047609149E+01     -0.294147329232E+01     -0.180606835403E+00
     -0.135998035582E+00     -0.180606835403E+00     -0.121416243467E+01
     atom #   13    pol.  3
     -0.475085014545E+00      0.544812360537E+00     -0.111505994525E+01
      0.544812360537E+00     -0.126738732593E+01     -0.161322663940E+01
     -0.111505994525E+01     -0.161322663940E+01     -0.253129698148E+01
     atom #   14    pol.  1
     -0.734338323229E+01      0.298289827230E+00     -0.632141834909E+00
      0.298289827230E+00      0.282984425028E+00      0.371377060915E+00
     -0.632141834909E+00      0.371377060915E+00      0.334146705395E+00
     atom #   14    pol.  2
     -0.975270849326E+01      0.121047609149E+01     -0.135998035582E+00
      0.121047609149E+01     -0.294147329232E+01      0.180606835403E+00
     -0.135998035582E+00      0.180606835403E+00     -0.121416243467E+01
     atom #   14    pol.  3
      0.475085014545E+00      0.544812360537E+00      0.111505994525E+01
      0.544812360537E+00      0.126738732593E+01     -0.161322663940E+01
      0.111505994525E+01     -0.161322663940E+01      0.253129698148E+01
     atom #   15    pol.  1
      0.323013043314E+01      0.131595259750E+00     -0.248386842382E+00
      0.131595259750E+00     -0.159795345939E+00      0.891957449266E-01
     -0.248386842382E+00      0.891957449266E-01      0.206644635653E+00
     atom #   15    pol.  2
      0.313621522787E+00      0.160775619437E-01      0.333779665496E-01
      0.160775619437E-01      0.125350621144E+01     -0.694284020338E+00
      0.333779665496E-01     -0.694284020338E+00      0.580082268235E+00
     atom #   15    pol.  3
     -0.273408697766E+01     -0.782880330852E-01     -0.841620555312E+00
     -0.782880330852E-01     -0.219744436059E+01      0.152851872002E+01
     -0.841620555312E+00      0.152851872002E+01     -0.390922223058E+01
     atom #   16    pol.  1
     -0.318014428587E+01      0.674060378478E+00      0.320655841706E+00
      0.674060378478E+00     -0.707394030038E+00     -0.176290471792E+00
      0.320655841706E+00     -0.176290471792E+00     -0.414163279749E-01
     atom #   16    pol.  2
      0.332994236033E-01     -0.756216933005E+00     -0.316180878327E+00
     -0.756216933005E+00      0.234459902887E+01      0.671810095594E+00
     -0.316180878327E+00      0.671810095594E+00     -0.121002564440E-01
     atom #   16    pol.  3
      0.677982205377E+00     -0.376206640462E+00     -0.325115594092E+00
     -0.376206640462E+00      0.748827086096E+00      0.812400140345E+00
     -0.325115594092E+00      0.812400140345E+00     -0.163562132422E+00
     atom #   17    pol.  1
      0.318014428587E+01      0.674060378478E+00     -0.320655841706E+00
      0.674060378478E+00      0.707394030038E+00     -0.176290471792E+00
     -0.320655841706E+00     -0.176290471792E+00      0.414163279749E-01
     atom #   17    pol.  2
      0.332994236033E-01      0.756216933005E+00     -0.316180878327E+00
      0.756216933005E+00      0.234459902887E+01     -0.671810095594E+00
